87.442741	92.326904	94.593925	95.809616	96.537521	97.009003	97.331467	97.560318	97.726784	97.849731	97.941132	98.009071	98.059067	98.095085	98.119995	98.135925	98.144470	98.146851	98.143982	98.136536	98.124985	98.109703	98.090866	98.068581	98.042824	98.013435	97.980217	97.942780	97.900650	97.853180	97.799576	97.738831	97.669632	97.590378	97.499054	97.393059	97.269020	97.122589	96.947891	96.736938	96.478607	96.156792	95.747406	95.212784	94.490479	93.469635	91.935539	89.425529	84.812515	74.964912	
82.444054	87.270996	90.239182	92.106949	93.331429	94.166992	94.756454	95.182930	95.497009	95.730820	95.905617	96.035919	96.131950	96.201118	96.248764	96.279022	96.294922	96.298775	96.292328	96.276924	96.253494	96.222702	96.184937	96.140396	96.088982	96.030449	95.964371	95.889992	95.806366	95.712250	95.606071	95.485832	95.349052	95.192596	95.012573	94.803909	94.560257	94.273239	93.931816	93.521088	93.020515	92.400970	91.619919	90.613098	89.279358	87.452469	84.846893	80.953964	74.859566	65.047104	
80.062599	84.073975	86.985001	89.047798	90.514435	91.571304	92.344635	92.918159	93.347717	93.671181	93.914841	94.097305	94.232002	94.328850	94.395241	94.436752	94.457672	94.461243	94.449921	94.425613	94.389648	94.342934	94.286072	94.219284	94.142487	94.055313	93.957047	93.846680	93.722794	93.583603	93.426819	93.249573	93.048309	92.818573	92.554802	92.249893	91.894951	91.478394	90.985153	90.395187	89.681465	88.806671	87.718231	86.340332	84.561356	82.213928	79.045616	74.683853	68.624611	60.363842	
78.732567	81.977570	84.579391	86.585159	88.107635	89.259583	90.133133	90.797890	91.305069	91.691971	91.985901	92.207092	92.370583	92.487762	92.567291	92.615829	92.638519	92.639336	92.621307	92.586716	92.537262	92.474098	92.397888	92.308960	92.207153	92.091995	91.962555	91.817558	91.655205	91.473183	91.268631	91.037964	90.776649	90.479172	90.138634	89.746445	89.291702	88.760651	88.135559	87.393364	86.503777	85.426285	84.106201	82.468842	80.411949	77.796310	74.437836	70.111221	64.591125	57.783573	
77.890427	80.524696	82.770309	84.606354	86.071999	87.227005	88.131134	88.836029	89.383560	89.806633	90.130753	90.375633	90.556587	90.685463	90.771507	90.821960	90.842491	90.837524	90.810486	90.763985	90.699905	90.619576	90.523750	90.412758	90.286438	90.144165	89.984856	89.806976	89.608383	89.386429	89.137703	88.857994	88.542130	88.183762	87.775070	87.306343	86.765533	86.137650	85.403687	84.539558	83.514526	82.288971	80.811783	79.017189	76.821564	74.121704	70.798325	66.732124	61.845051	56.179230	
77.304848	79.461014	81.371445	82.998695	84.347824	85.446251	86.329399	87.032677	87.587769	88.021568	88.356201	88.609604	88.796204	88.927574	89.012939	89.059685	89.073677	89.059555	89.020927	88.960602	88.880615	88.782310	88.666580	88.533707	88.383446	88.215118	88.027481	87.818771	87.586624	87.328033	87.039238	86.715622	86.351517	85.940033	85.472771	84.939484	84.327614	83.621735	82.802872	81.847519	80.726547	79.403946	77.835350	75.967056	73.735764	71.070869	67.901802	64.173988	59.877701	55.088196	
76.868423	78.643707	80.256516	81.670090	82.875427	83.881973	84.708908	85.378967	85.914848	86.337357	86.664650	86.912231	87.093018	87.217712	87.295090	87.332306	87.335182	87.308319	87.255386	87.179207	87.081894	86.964828	86.828873	86.674301	86.500809	86.307617	86.093376	85.856171	85.593414	85.301880	84.977615	84.615646	84.210098	83.753822	83.238152	82.652740	81.985092	81.220154	80.339790	79.322197	78.141205	76.765739	75.159363	73.280548	71.084045	68.524628	65.564270	62.184464	58.403580	54.295715	
76.525703	77.989601	79.341805	80.550858	81.603119	82.498779	83.246902	83.861198	84.357224	84.750366	85.055000	85.283920	85.448303	85.557632	85.619949	85.641937	85.629074	85.585861	85.515839	85.421768	85.305740	85.169090	85.012634	84.836609	84.640671	84.423935	84.184952	83.921715	83.631516	83.311012	82.956039	82.561615	82.121696	81.629105	81.075287	80.450134	79.741615	78.935608	78.015457	76.961632	75.751572	74.359520	72.756744	70.912460	68.795860	66.379776	63.646515	60.596165	57.256462	53.690941	
76.245453	77.448097	78.571388	79.589691	80.488899	81.264832	81.920578	82.463806	82.904694	83.254288	83.523582	83.722862	83.861420	83.947487	83.988152	83.989471	83.956512	83.893448	83.803604	83.689651	83.553497	83.396469	83.219299	83.022156	82.804611	82.565750	82.304031	82.017349	81.703011	81.357559	80.976822	80.555824	80.088608	79.568130	78.986176	78.333115	77.597755	76.767189	75.826538	74.758911	73.545410	72.165329	70.596725	68.817612	66.807938	64.552689	62.046219	59.297436	56.335175	53.211449	
76.008766	76.986916	77.907204	78.749115	79.499702	80.153046	80.708939	81.171135	81.546005	81.841278	82.065117	82.225578	82.330261	82.386078	82.399170	82.374855	82.317703	82.231476	82.119270	81.983521	81.825966	81.647865	81.449799	81.231888	80.993660	80.734123	80.451706	80.144272	79.809097	79.442780	79.041176	78.599434	78.111801	77.571548	76.970909	76.300964	75.551537	74.711090	73.766632	72.703926	71.507500	70.161125	68.648499	66.954391	65.066452	62.977520	60.688683	58.212433	55.575417	52.819519	
75.803558	76.584671	77.322777	78.001534	78.609665	79.140945	79.593407	79.968445	80.269821	80.502762	80.673271	80.787514	80.851578	80.871170	80.851471	80.797089	80.712051	80.599686	80.462753	80.303436	80.123337	79.923515	79.704483	79.466255	79.208313	78.929596	78.628540	78.303017	77.950310	77.567116	77.149422	76.692551	76.191040	75.638611	75.028061	74.351257	73.599106	72.761490	71.827347	70.784790	69.621460	68.324875	66.883179	65.286224	63.526917	61.603001	59.519081	57.288475	54.934589	52.491043	
75.621674	76.226669	76.799248	77.326401	77.798668	78.210083	78.557983	78.842361	79.065269	79.230148	79.341301	79.403442	79.421371	79.399704	79.342758	79.254471	79.138260	78.997070	78.833313	78.648895	78.445213	78.223175	77.983170	77.725136	77.448456	77.152084	76.834457	76.493439	76.126434	75.730217	75.300980	74.834290	74.325043	73.767441	73.154907	72.480164	71.735184	70.911247	69.999016	68.988800	67.870804	66.635590	65.274750	63.781769	62.153076	60.389343	58.496750	56.488121	54.383492	52.209885	
75.457481	75.902466	76.322815	76.708221	77.050850	77.345406	77.589035	77.780991	77.922241	78.015015	78.062363	78.067825	78.035141	77.968063	77.870132	77.744621	77.594452	77.422112	77.229706	77.018845	76.790726	76.546082	76.285187	76.007874	75.713516	75.401009	75.068817	74.714859	74.336617	73.931030	73.494545	73.022980	72.511627	71.955193	71.347763	70.682892	69.953583	69.152390	68.271545	67.303200	66.239693	65.073990	63.800262	62.414528	60.915508	59.305477	57.591122	55.784115	53.901421	51.964836	
75.306862	75.604362	75.883087	76.134995	76.353653	76.534546	76.674957	76.773827	76.831490	76.849365	76.829620	76.774872	76.688095	76.572250	76.430222	76.264725	76.078209	75.872757	75.650146	75.411713	75.158463	74.890961	74.609344	74.313354	74.002365	73.675217	73.330399	72.965927	72.579391	72.167908	71.728134	71.256218	70.747871	70.198273	69.602203	68.953957	68.247513	67.476555	66.634689	65.715584	64.713303	63.622673	62.439713	61.162209	59.790268	58.326962	56.778839	55.156235	53.473347	51.747822	
75.166748	75.326553	75.472198	75.597366	75.696968	75.767242	75.805832	75.811615	75.784622	75.725723	75.636467	75.518883	75.375259	75.207947	75.019302	74.811554	74.586700	74.346504	74.092400	73.825500	73.546600	73.256088	72.954010	72.640030	72.313423	71.973083	71.617523	71.244865	70.852768	70.438560	69.999161	69.531036	69.030258	68.492538	67.913239	67.287415	66.609863	65.875290	65.078415	64.214172	63.277992	62.266094	61.175816	60.006092	58.757832	57.434391	56.041817	54.589088	53.088005	51.552910	
75.034790	75.064545	75.083847	75.087814	75.072495	75.034943	74.973175	74.886223	74.773987	74.637054	74.476608	74.294167	74.091553	73.870667	73.633400	73.381546	73.116768	72.840500	72.553894	72.257851	71.952927	71.639389	71.317184	70.985886	70.644722	70.292618	69.928101	69.549393	69.154297	68.740318	68.304611	67.843964	67.354843	66.833405	66.275589	65.677078	65.033432	64.340210	63.593071	62.787964	61.921356	60.990471	59.993603	58.930386	57.802132	56.612129	55.365791	54.070763	52.736809	51.375561	
74.909119	74.814789	74.713005	74.600174	74.473358	74.330307	74.169548	73.990372	73.792641	73.576859	73.343964	73.095169	72.831940	72.555801	72.268295	71.970886	71.664909	71.351517	71.031647	70.705917	70.374794	70.038345	69.696411	69.348511	68.993835	68.631332	68.259567	67.876854	67.481125	67.070053	66.641052	66.191193	65.717300	65.216003	64.683685	64.116623	63.511032	62.863174	62.169483	61.426712	60.632099	59.783600	58.880131	57.921715	56.909824	55.847458	54.739346	53.591873	52.413052	51.212296	
74.788239	74.574341	74.355530	74.129333	73.893677	73.647049	73.388474	73.117516	72.834198	72.539001	72.232742	71.916451	71.591324	71.258644	70.919670	70.575554	70.227409	69.876122	69.522385	69.166695	68.809280	68.450119	68.088936	67.725189	67.358078	66.986496	66.609070	66.224228	65.830025	65.424309	65.004700	64.568588	64.113083	63.635216	63.131832	62.599701	62.035583	61.436333	60.799000	60.120937	59.399994	58.634613	57.824089	56.968655	56.069714	55.129898	54.153191	53.144848	52.111397	51.060356	
74.670837	74.340698	74.007866	73.670807	73.328331	72.979576	72.624054	72.261673	71.892685	71.517632	71.137306	70.752640	70.364662	69.974434	69.583023	69.191376	68.800339	68.410583	68.022636	67.636826	67.253189	66.871613	66.491730	66.112930	65.734367	65.354980	64.973434	64.588211	64.197510	63.799358	63.391563	62.971756	62.537407	62.085835	61.614307	61.120010	60.600182	60.052151	59.473457	58.861900	58.215759	57.533829	56.815601	56.061348	55.272297	54.450645	53.599636	52.723526	51.827492	50.917484	
74.555832	74.111717	73.666916	73.220749	72.772797	72.322838	71.870911	71.417313	70.962524	70.507225	70.052246	69.598480	69.146889	68.698364	68.253792	67.813965	67.379524	66.950966	66.528633	66.112671	65.703018	65.299423	64.901436	64.508392	64.119431	63.733456	63.349209	62.965210	62.579819	62.191208	61.797371	61.396175	60.985359	60.562553	60.125362	59.671349	59.198128	58.703407	58.185131	57.641449	57.070911	56.472542	55.845879	55.191174	54.509377	53.802219	53.072239	52.322742	51.557747	50.781822	
74.442253	73.885513	73.329903	72.775589	72.222885	71.672180	71.124054	70.579170	70.038330	69.502373	68.972198	68.448746	67.932907	67.425499	66.927246	66.438812	65.960663	65.493118	65.036377	64.590424	64.155075	63.729950	63.314533	62.908081	62.509705	62.118324	61.732716	61.351460	60.973030	60.595737	60.217758	59.837166	59.451958	59.060024	58.659267	58.247570	57.822868	57.383186	56.926750	56.451992	55.957634	55.442814	54.907078	54.350525	53.773796	53.178154	52.565430	51.938095	51.299103	50.651833	
74.329193	73.660301	72.994263	72.332062	71.674706	71.023224	70.378700	69.742203	69.114876	68.497757	67.891876	67.298203	66.717621	66.150864	65.598587	65.061272	64.539276	64.032745	63.541733	63.066063	62.605431	62.159351	61.727215	61.308228	60.901451	60.505814	60.120094	59.742973	59.373009	59.008636	58.648201	58.289970	57.932144	57.572891	57.210350	56.842670	56.468071	56.084839	55.691406	55.286400	54.868675	54.437405	53.992065	53.532547	53.059181	52.572716	52.074375	51.565781	51.048935	50.526154	
74.215805	73.434387	72.657532	71.886993	71.124466	70.371658	69.630150	68.901443	68.187012	67.488121	66.805954	66.141548	65.495789	64.869362	64.262817	63.676533	63.110703	62.565350	62.040352	61.535385	61.050022	60.583656	60.135582	59.704941	59.290764	58.891964	58.507351	58.135654	57.775520	57.425507	57.084091	56.749748	56.420860	56.095806	55.772964	55.450741	55.127567	54.801926	54.472473	54.137939	53.797256	53.449562	53.094261	52.731003	52.359764	51.980808	51.594719	51.202377	50.804882	50.403599	
74.101242	73.206146	72.317291	71.437263	70.568481	69.713257	68.873734	68.051888	67.249496	66.468094	65.709015	64.973373	64.262070	63.575737	62.914848	62.279640	61.670166	61.086288	60.527733	59.994026	59.484581	58.998695	58.535534	58.094177	57.673615	57.272728	56.890373	56.525291	56.176224	55.841835	55.520756	55.211605	54.912964	54.623417	54.341545	54.065952	53.795288	53.528233	53.263557	53.000122	52.736877	52.472931	52.207531	51.940086	51.670223	51.397713	51.122528	50.844810	50.564846	50.283081	
73.984650	72.973846	71.971077	70.979706	70.002922	69.043694	68.104744	67.188477	66.297012	65.432205	64.595505	63.788139	63.010971	62.264603	61.549404	60.865471	60.212692	59.590778	58.999252	58.437489	57.904755	57.400208	56.922886	56.471794	56.045864	55.643963	55.264938	54.907593	54.570724	54.253101	53.953491	53.670658	53.403370	53.150394	52.910522	52.682549	52.465309	52.257645	52.058472	51.866714	51.681351	51.501411	51.326015	51.154312	50.985535	50.819004	50.654087	50.490211	50.326866	50.163605	
73.865135	72.735786	71.616348	70.511047	69.423874	68.358482	67.318176	66.305862	65.324036	64.374756	63.459686	62.580074	61.736790	60.930367	60.161034	59.428734	58.733170	58.073853	57.450111	56.861149	56.306046	55.783794	55.293335	54.833561	54.403316	54.001453	53.626812	53.278236	52.954582	52.654732	52.377563	52.121994	51.886963	51.671432	51.474384	51.294815	51.131737	50.984165	50.851105	50.731598	50.624603	50.529102	50.444042	50.368347	50.300865	50.240433	50.185833	50.135799	50.089043	50.044224	
73.741791	72.490112	71.250389	70.027786	68.827118	67.652817	66.508789	65.398468	64.324677	63.289745	62.295464	61.343117	60.433548	59.567169	58.744045	57.963928	57.226295	56.530422	55.875427	55.260292	54.683891	54.145050	53.642555	53.175186	52.741714	52.340946	51.971710	51.632877	51.323368	51.042145	50.788227	50.560692	50.358643	50.181236	50.027649	49.897079	49.788746	49.701797	49.635406	49.588676	49.560600	49.550117	49.556004	49.576935	49.611420	49.657806	49.714279	49.778877	49.849510	49.923981	
73.613571	72.234795	70.870232	69.526100	68.208130	66.921555	65.670959	64.460251	63.292664	62.170746	61.096397	60.070892	59.094978	58.168911	57.292545	56.465370	55.686611	54.955269	54.270187	53.630089	53.033646	52.479462	51.966164	51.492386	51.056820	50.658203	50.295361	49.967175	49.672630	49.410789	49.180786	48.981873	48.813332	48.674515	48.564827	48.483665	48.430462	48.404572	48.405296	48.431866	48.483315	48.558548	48.656231	48.774784	48.912373	49.066872	49.235851	49.416668	49.606392	49.801918	
73.479309	71.967575	70.472610	69.001785	67.561882	66.159012	64.798447	63.484669	62.221233	61.010902	59.855614	58.756603	57.714451	56.729172	55.800354	54.927158	54.108490	53.343029	52.629280	51.965683	51.350636	50.782532	50.259789	49.780884	49.344414	48.949028	48.593540	48.276848	47.997993	47.756145	47.550583	47.380692	47.245979	47.146011	47.080425	47.048878	47.051018	47.086426	47.154621	47.254959	47.386581	47.548374	47.738914	47.956421	48.198723	48.463223	48.746895	49.046318	49.357727	49.677048	
73.337723	71.685890	70.053787	68.450081	66.882729	65.358833	63.884415	62.464485	61.102940	59.802696	58.565678	57.392975	56.284912	55.241199	54.261032	53.343185	52.486160	51.688225	50.947529	50.262161	49.630207	49.049789	48.519100	48.036476	47.600334	47.209293	46.862114	46.557705	46.295170	46.073795	45.892990	45.752342	45.651558	45.590462	45.568954	45.586967	45.644432	45.741211	45.877075	46.051575	46.263992	46.513268	46.797951	47.116093	47.465199	47.842201	48.243462	48.664761	49.101406	49.548302	
73.187271	71.386787	69.609451	67.865524	66.164261	64.513847	62.921124	61.391624	59.929565	58.537933	57.218529	55.972191	54.798874	53.697861	52.667847	51.707123	50.813683	49.985321	49.219734	48.514626	47.867706	47.276810	46.739876	46.255035	45.820572	45.434994	45.097046	44.805649	44.559975	44.359398	44.203506	44.092094	44.025093	44.002625	44.024887	44.092140	44.204655	44.362629	44.566151	44.815044	45.108829	45.446579	45.826862	46.247612	46.706078	47.198715	47.721245	48.268623	48.835133	49.414482	
73.026215	71.066772	69.134613	67.241745	65.399025	63.615784	61.899746	60.256989	58.691929	57.207527	55.805336	54.485786	53.248322	52.091618	51.013771	50.012436	49.084999	48.228683	47.440681	46.718216	46.058586	45.459297	44.917999	44.432598	44.001232	43.622307	43.294506	43.016781	42.788380	42.608784	42.477776	42.395340	42.361717	42.377327	42.442715	42.558548	42.725487	42.944160	43.215061	43.538380	43.913971	44.341164	44.818611	45.344238	45.915062	46.527119	47.175461	47.854134	48.556274	49.274281	
72.852417	70.721725	68.623276	66.571281	64.578308	62.655075	60.810196	59.050228	57.379723	55.801422	54.316452	52.924637	51.624702	50.414558	49.291496	48.252411	47.293957	46.412685	45.605190	44.868149	44.198418	43.593109	43.049553	42.565422	42.138672	41.767605	41.450859	41.187412	40.976574	40.817966	40.711559	40.657604	40.656624	40.709404	40.816910	40.980251	41.200592	41.479061	41.816673	42.214134	42.671745	43.189201	43.765446	44.398441	45.085087	45.821030	46.600616	47.416927	48.261810	49.126129	
72.663284	70.346619	68.068314	65.845154	63.691811	61.620491	59.640732	57.759506	55.981285	54.308372	52.741238	51.278812	49.918861	48.658287	47.493401	46.420151	45.434334	44.531715	43.708191	42.959824	42.282970	41.674309	41.130848	40.649979	40.229485	39.867546	39.562756	39.314114	39.120998	38.983200	38.900871	38.874573	38.905167	38.993828	39.141991	39.351292	39.623489	39.960342	40.363510	40.834362	41.373833	41.982162	42.658730	43.401733	44.208050	45.073025	45.990311	46.951904	47.948189	48.968193	
72.455650	69.935272	67.460922	65.052505	62.727150	60.498711	58.377647	56.371147	54.483360	52.715836	51.068001	49.537571	48.121040	46.814041	45.611656	44.508713	43.499969	42.580292	41.744781	40.988850	40.308281	39.699287	39.158524	38.683105	38.270615	37.919121	37.627167	37.393768	37.218399	37.101013	37.042000	37.042206	37.102879	37.225655	37.412487	37.665634	37.987534	38.380711	38.847633	39.390522	40.011147	40.710541	41.488716	42.344379	43.274570	44.274422	45.336937	46.452934	47.611076	48.798264	
72.225479	69.479996	66.790245	64.180023	61.669319	59.273819	57.004791	54.869331	52.870861	51.009743	49.283859	47.689304	46.220901	44.872692	43.638264	42.511093	41.484756	40.553108	39.710342	38.951157	38.270741	37.664799	37.129623	36.662029	36.259415	35.919731	35.641464	35.423664	35.265907	35.168327	35.131550	35.156746	35.245579	35.400162	35.623077	35.917259	36.285957	36.732605	37.260647	37.873383	38.573685	39.363655	40.244316	41.215126	42.273582	43.414841	44.631310	45.912540	47.245216	48.613594	
71.967674	68.971016	66.042618	63.211121	60.499924	57.926609	55.502983	53.235611	51.126560	49.174328	47.374695	45.721558	44.207588	42.824852	41.565163	40.420425	39.382862	38.445175	37.600620	36.843105	36.167179	35.568054	35.041630	34.584442	34.193695	33.867226	33.603485	33.401550	33.261116	33.182480	33.166542	33.214813	33.329369	33.512901	33.768623	34.100246	34.511951	35.008209	35.593689	36.273003	37.050430	37.929543	38.912758	40.000748	41.191902	42.481678	43.862095	45.321373	46.843922	48.410698	
71.675644	68.395683	65.200539	62.124916	59.196152	56.433685	53.849380	51.448463	49.230774	47.192039	45.325119	43.621040	42.069786	40.661003	39.384399	38.230087	37.188789	36.251968	35.411861	34.661560	33.994972	33.406815	32.892605	32.448601	32.071827	31.760023	31.511602	31.325699	31.202108	31.141312	31.144485	31.213470	31.350834	31.559784	31.844261	32.208839	32.658699	33.199543	33.837456	34.578659	35.429222	36.394661	37.479301	38.685677	40.013618	41.459457	43.015152	44.667648	46.398674	48.185108	
71.340546	67.737373	64.241318	60.894722	57.729431	54.766415	52.016659	49.482796	47.161133	45.043423	43.118561	41.373867	39.795990	38.371719	37.088329	35.933949	34.897644	33.969578	33.140972	32.404076	31.752171	31.179501	30.681229	30.253380	29.892797	29.597139	29.364809	29.194983	29.087584	29.043270	29.063477	29.150406	29.307049	29.537220	29.845573	30.237593	30.719572	31.298569	31.982304	32.778938	33.696762	34.743763	35.926922	37.251396	38.719383	40.328918	42.072502	43.936058	45.898277	47.930893	
70.950394	66.973717	63.134888	59.485947	56.063637	52.889542	49.972073	47.309410	44.892376	42.707180	40.737423	38.965729	37.374779	35.947983	34.669937	33.526588	32.505318	31.594952	30.785686	30.069004	29.437605	28.885303	28.406952	27.998367	27.656273	27.378263	27.162750	27.008961	26.916922	26.887482	26.922310	27.023945	27.195808	27.442280	27.768734	28.181585	28.688293	29.297401	30.018448	30.861843	31.838573	32.959755	34.235889	35.675858	37.285484	39.065781	41.010941	43.106453	45.327744	47.640030	
70.488464	66.073883	61.840672	57.853119	54.152649	50.759464	47.676556	44.894615	42.396408	40.160439	38.163490	36.382435	34.795238	33.381592	32.123154	31.003651	30.008766	29.126045	28.344746	27.655666	27.051018	26.524256	26.070013	25.683949	25.362709	25.103861	24.905832	24.767921	24.690250	24.673836	24.720560	24.833248	25.015717	25.272861	25.610737	26.036650	26.559240	27.188589	27.936209	28.815029	29.839195	31.023678	32.383553	33.932823	35.682693	37.639153	39.800030	42.151703	44.666458	47.301331	
69.930649	64.994263	60.302795	55.935600	51.937210	48.322327	45.083702	42.200054	39.642525	37.379307	35.378624	33.610504	32.047630	30.665684	29.443367	28.362202	27.406311	26.562119	25.818096	25.164501	24.593189	24.097385	23.671585	23.311375	23.013386	22.775185	22.595261	22.472961	22.408527	22.403086	22.458691	22.578411	22.766367	23.027891	23.369621	23.799669	24.327791	24.965551	25.726503	26.626280	27.682579	28.914957	30.344212	31.991226	33.874977	36.009441	38.399258	41.034477	43.885288	46.898697	
69.240883	63.671127	58.442509	53.651512	49.340881	45.511921	42.139214	39.183067	36.598347	34.339943	32.365791	30.638184	29.124187	27.795475	26.627939	25.601173	24.698000	23.903988	23.207077	22.597206	22.066036	21.606743	21.213783	20.882790	20.610434	20.394341	20.233068	20.126041	20.073578	20.076895	20.138163	20.260582	20.448502	20.707539	21.044773	21.468950	21.990759	22.623104	23.381464	24.284191	25.352760	26.611904	28.089321	29.814793	31.818130	34.125603	36.753975	39.702225	42.941734	46.408081	
68.362671	62.008186	56.146278	50.889111	46.265289	42.248009	38.781235	35.798046	33.231537	31.020315	29.110647	27.456730	26.020161	24.768999	23.676819	22.721794	21.885902	21.154259	20.514612	19.956858	19.472731	19.055494	18.699760	18.401291	18.156887	17.964298	17.822170	17.730003	17.688169	17.697933	17.761497	17.882111	18.064175	18.313446	18.637207	19.044598	19.546928	20.158136	20.895290	21.779194	22.835026	24.092943	25.588459	27.362228	29.458607	31.922014	34.789642	38.079224	41.771561	45.791794	
67.202431	59.853813	53.246826	47.495255	42.585327	38.436096	34.942482	31.999422	29.512783	27.402750	25.603594	24.061995	22.734982	21.587986	20.593174	19.728054	18.974436	18.317537	17.745327	17.248032	16.817711	16.447964	16.133696	15.870935	15.656704	15.488920	15.366354	15.288588	15.256020	15.269894	15.332367	15.446600	15.616900	15.848916	16.149876	16.528944	16.997641	17.570402	18.265301	19.104948	20.117624	21.338543	22.811237	24.588669	26.733385	29.315243	32.404148	36.053947	40.273697	44.987453	
65.593979	56.958851	49.493351	43.261391	38.146622	33.970787	30.555656	27.747131	25.420429	23.477531	21.842419	20.456301	19.273602	18.258781	17.383953	16.627085	15.970641	15.400599	14.905691	14.476848	14.106773	13.789635	13.520809	13.296722	13.114708	12.972919	12.870270	12.806424	12.781776	12.797493	12.855587	12.958991	13.111723	13.319078	13.587900	13.926942	14.347366	14.863393	15.493196	16.260096	17.194166	18.334312	19.730972	21.449268	23.572214	26.202387	29.458466	33.459183	38.282021	43.884254	
63.215267	52.895180	44.507469	37.911781	32.770676	28.746735	25.564415	23.015434	20.946896	19.247353	17.835264	16.650391	15.647696	14.793079	14.060410	13.429436	12.884293	12.412457	12.003990	11.650945	11.346994	11.087101	10.867303	10.684548	10.536572	10.421813	10.339370	10.288975	10.270992	10.286453	10.337115	10.425549	10.555283	10.730991	10.958759	11.246447	11.604198	12.045131	12.586327	13.250214	14.066559	15.075289	16.330566	17.906509	19.904896	22.464458	25.768776	30.042702	35.511116	42.267506	
59.372414	46.899895	37.730560	31.108799	26.279007	22.682697	19.941694	17.805347	16.106588	14.732125	13.603474	12.665033	11.876575	11.208420	10.638277	10.149157	9.727921	9.364321	9.050287	8.779423	8.546663	8.347997	8.180286	8.041121	7.928717	7.841857	7.779843	7.742474	7.730055	7.743420	7.783981	7.853812	7.955757	8.093608	8.272327	8.498379	8.780184	9.128784	9.558774	10.089716	10.748230	11.571201	12.610799	13.942419	15.677326	17.982513	21.110018	25.432089	31.452404	39.674637	
52.374893	37.602047	28.406883	22.514843	18.555056	15.764719	13.715843	12.159363	10.943829	9.973076	9.183588	8.531934	7.987515	7.528214	7.137689	6.803633	6.516634	6.269406	6.056248	5.872673	5.715140	5.580858	5.467649	5.373846	5.298219	5.239932	5.198505	5.173809	5.166062	5.175849	5.204164	5.252456	5.322728	5.417655	5.540751	5.696624	5.891324	6.132859	6.431950	6.803189	7.266837	7.851729	8.600106	9.575983	10.880255	12.678890	15.257161	19.123550	25.191925	34.978626	
37.525421	22.726971	15.780711	11.989392	9.662535	8.106325	6.998768	6.173732	5.537714	5.034305	4.627517	4.293346	4.015178	3.781163	3.582636	3.413124	3.267708	3.142599	3.034847	2.942136	2.862644	2.794939	2.737906	2.690691	2.652667	2.623409	2.602673	2.590394	2.586687	2.591855	2.606407	2.631094	2.666947	2.715351	2.778129	2.857681	2.957174	3.080823	3.234317	3.425479	3.665315	3.969772	4.362783	4.881913	5.589455	6.596132	8.116571	10.613293	15.213264	25.047966	
