-0.832646	 -1.178216	 -0.517926	 4.480751	 -2.080577	 -2.080577
318.892902	 495.249005	 218.544474	 99.465771	 171.171645	 171.171645
716.753471	 1179.931647	 521.844658	 99.464574	 171.169752	 171.169752
1114.611287	 1864.609862	 825.142886	 99.464308	 171.169311	 171.169311
1512.468319	 2549.286773	 1128.440537	 99.464191	 171.169115	 171.169115
1910.324975	 3233.963050	 1431.737908	 99.464125	 171.169004	 171.169004
2308.181407	 3918.638952	 1735.035112	 99.464083	 171.168933	 171.168933
2706.037694	 4603.314605	 2038.332207	 99.464054	 171.168883	 171.168883
3103.893876	 5287.990080	 2341.629222	 99.464033	 171.168847	 171.168847
3501.749980	 5972.665424	 2644.926179	 99.464016	 171.168819	 171.168819
3899.606024	 6657.340664	 2948.223091	 99.464003	 171.168797	 171.168797
4297.462020	 7342.015823	 3251.519966	 99.463993	 171.168779	 171.168779
4695.317977	 8026.690914	 3554.816812	 99.463984	 171.168764	 171.168764
5093.173901	 8711.365949	 3858.113632	 99.463976	 171.168751	 171.168751
5491.029797	 9396.040937	 4161.410432	 99.463970	 171.168740	 171.168740
5888.885670	 10080.715885	 4464.707214	 99.463965	 171.168731	 171.168731
6286.741522	 10765.390797	 4768.003980	 99.463960	 171.168723	 171.168723
6684.597356	 11450.065679	 5071.300733	 99.463956	 171.168716	 171.168716
7082.453174	 12134.740534	 5374.597474	 99.463952	 171.168710	 171.168710
7480.308979	 12819.415365	 5677.894204	 99.463949	 171.168704	 171.168704
7878.164771	 13504.090174	 5981.190924	 99.463946	 171.168699	 171.168699
8276.020551	 14188.764964	 6284.487636	 99.463944	 171.168695	 171.168695
8673.876322	 14873.439736	 6587.784341	 99.463941	 171.168691	 171.168691
9071.732083	 15558.114493	 6891.081038	 99.463939	 171.168687	 171.168687
9469.587835	 16242.789234	 7194.377729	 99.463937	 171.168683	 171.168683
9867.443580	 16927.463963	 7497.674414	 99.463935	 171.168680	 171.168680
10265.299318	 17612.138679	 7800.971093	 99.463933	 171.168677	 171.168677
10663.155049	 18296.813385	 8104.267767	 99.463932	 171.168675	 171.168675
11061.010774	 18981.488079	 8407.564437	 99.463930	 171.168672	 171.168672
11458.866493	 19666.162764	 8710.861103	 99.463929	 171.168670	 171.168670
11856.722207	 20350.837440	 9014.157764	 99.463928	 171.168668	 171.168668
12254.577916	 21035.512107	 9317.454422	 99.463927	 171.168666	 171.168666
12652.433621	 21720.186767	 9620.751076	 99.463925	 171.168664	 171.168664
13050.289321	 22404.861419	 9924.047727	 99.463924	 171.168662	 171.168662
13448.145017	 23089.536064	 10227.344375	 99.463923	 171.168660	 171.168660
13846.000710	 23774.210703	 10530.641020	 99.463923	 171.168659	 171.168659
14243.856399	 24458.885335	 10833.937662	 99.463922	 171.168657	 171.168657
14641.712084	 25143.559962	 11137.234302	 99.463921	 171.168656	 171.168656
15039.567766	 25828.234583	 11440.530939	 99.463920	 171.168654	 171.168654
15437.423445	 26512.909199	 11743.827574	 99.463919	 171.168653	 171.168653
15835.279122	 27197.583810	 12047.124207	 99.463919	 171.168652	 171.168652
16233.134795	 27882.258416	 12350.420838	 99.463918	 171.168651	 171.168651
16630.990466	 28566.933018	 12653.717466	 99.463917	 171.168650	 171.168650
17028.846134	 29251.607615	 12957.014093	 99.463917	 171.168649	 171.168649
17426.701801	 29936.282209	 13260.310718	 99.463916	 171.168648	 171.168648
17824.557464	 30620.956798	 13563.607342	 99.463916	 171.168647	 171.168647
18222.413126	 31305.631384	 13866.903963	 99.463915	 171.168646	 171.168646
18620.268786	 31990.305967	 14170.200583	 99.463915	 171.168645	 171.168645
19018.124443	 32674.980545	 14473.497202	 99.463914	 171.168644	 171.168644
19415.980099	 33359.655121	 14776.793819	 99.463914	 171.168643	 171.168643
19813.835753	 34044.329694	 15080.090435	 99.463913	 171.168643	 171.168643
20211.691405	 34729.004263	 15383.387049	 99.463913	 171.168642	 171.168642
20609.547056	 35413.678830	 15686.683662	 99.463912	 171.168641	 171.168641
21007.402704	 36098.353394	 15989.980274	 99.463912	 171.168641	 171.168641
21405.258352	 36783.027955	 16293.276885	 99.463912	 171.168640	 171.168640
21803.113998	 37467.702514	 16596.573495	 99.463911	 171.168639	 171.168639
22200.969642	 38152.377070	 16899.870103	 99.463911	 171.168639	 171.168639
22598.825285	 38837.051624	 17203.166710	 99.463911	 171.168638	 171.168638
22996.680927	 39521.726175	 17506.463317	 99.463910	 171.168638	 171.168638
23394.536567	 40206.400725	 17809.759922	 99.463910	 171.168637	 171.168637
23792.392206	 40891.075272	 18113.056527	 99.463910	 171.168636	 171.168636
24190.247844	 41575.749817	 18416.353130	 99.463909	 171.168636	 171.168636
24588.103481	 42260.424360	 18719.649733	 99.463909	 171.168635	 171.168635
24985.959117	 42945.098901	 19022.946335	 99.463909	 171.168635	 171.168635
25383.814751	 43629.773441	 19326.242936	 99.463908	 171.168635	 171.168635
25781.670385	 44314.447978	 19629.539536	 99.463908	 171.168634	 171.168634
26179.526017	 44999.122514	 19932.836136	 99.463908	 171.168634	 171.168634
26577.381649	 45683.797048	 20236.132734	 99.463908	 171.168633	 171.168633
26975.237279	 46368.471580	 20539.429332	 99.463907	 171.168633	 171.168633
27373.092909	 47053.146111	 20842.725929	 99.463907	 171.168632	 171.168632
27770.948538	 47737.820640	 21146.022526	 99.463907	 171.168632	 171.168632
28168.804165	 48422.495168	 21449.319122	 99.463907	 171.168632	 171.168632
28566.659792	 49107.169694	 21752.615717	 99.463907	 171.168631	 171.168631
28964.515418	 49791.844219	 22055.912312	 99.463906	 171.168631	 171.168631
29362.371044	 50476.518742	 22359.208906	 99.463906	 171.168631	 171.168631
29760.226668	 51161.193264	 22662.505499	 99.463906	 171.168630	 171.168630
30158.082292	 51845.867785	 22965.802092	 99.463906	 171.168630	 171.168630
30555.937915	 52530.542304	 23269.098684	 99.463906	 171.168630	 171.168630
30953.793537	 53215.216822	 23572.395275	 99.463905	 171.168629	 171.168629
31351.649159	 53899.891339	 23875.691867	 99.463905	 171.168629	 171.168629
31749.504779	 54584.565855	 24178.988457	 99.463905	 171.168629	 171.168629
32147.360400	 55269.240369	 24482.285047	 99.463905	 171.168628	 171.168628
32545.216019	 55953.914883	 24785.581637	 99.463905	 171.168628	 171.168628
32943.071638	 56638.589395	 25088.878226	 99.463905	 171.168628	 171.168628
33340.927256	 57323.263906	 25392.174814	 99.463904	 171.168628	 171.168628
33738.782874	 58007.938416	 25695.471402	 99.463904	 171.168627	 171.168627
34136.638491	 58692.612926	 25998.767990	 99.463904	 171.168627	 171.168627
34534.494107	 59377.287434	 26302.064577	 99.463904	 171.168627	 171.168627
34932.349723	 60061.961941	 26605.361164	 99.463904	 171.168627	 171.168627
35330.205339	 60746.636447	 26908.657750	 99.463904	 171.168626	 171.168626
35728.060953	 61431.310952	 27211.954336	 99.463904	 171.168626	 171.168626
36125.916568	 62115.985457	 27515.250922	 99.463903	 171.168626	 171.168626
36523.772181	 62800.659960	 27818.547507	 99.463903	 171.168626	 171.168626
36921.627795	 63485.334463	 28121.844092	 99.463903	 171.168626	 171.168626
37319.483407	 64170.008965	 28425.140676	 99.463903	 171.168625	 171.168625
37717.339020	 64854.683465	 28728.437260	 99.463903	 171.168625	 171.168625
38115.194631	 65539.357966	 29031.733844	 99.463903	 171.168625	 171.168625
38513.050243	 66224.032465	 29335.030427	 99.463903	 171.168625	 171.168625
38910.905853	 66908.706963	 29638.327010	 99.463903	 171.168625	 171.168625
39308.761464	 67593.381461	 29941.623593	 99.463903	 171.168624	 171.168624
39706.617074	 68278.055958	 30244.920175	 99.463902	 171.168624	 171.168624
40104.472683	 68962.730454	 30548.216757	 99.463902	 171.168624	 171.168624
40502.328292	 69647.404950	 30851.513339	 99.463902	 171.168624	 171.168624
40900.183901	 70332.079445	 31154.809920	 99.463902	 171.168624	 171.168624
41298.039509	 71016.753939	 31458.106501	 99.463902	 171.168623	 171.168623
41695.895117	 71701.428432	 31761.403082	 99.463902	 171.168623	 171.168623
42093.750725	 72386.102925	 32064.699662	 99.463902	 171.168623	 171.168623
42491.606332	 73070.777417	 32367.996242	 99.463902	 171.168623	 171.168623
42889.461938	 73755.451908	 32671.292822	 99.463902	 171.168623	 171.168623
43287.317545	 74440.126399	 32974.589401	 99.463902	 171.168623	 171.168623
43685.173151	 75124.800889	 33277.885981	 99.463901	 171.168622	 171.168622
44083.028756	 75809.475379	 33581.182560	 99.463901	 171.168622	 171.168622
44480.884362	 76494.149868	 33884.479138	 99.463901	 171.168622	 171.168622
44878.739967	 77178.824356	 34187.775717	 99.463901	 171.168622	 171.168622
45276.595571	 77863.498844	 34491.072295	 99.463901	 171.168622	 171.168622
45674.451176	 78548.173331	 34794.368873	 99.463901	 171.168622	 171.168622
46072.306779	 79232.847818	 35097.665451	 99.463901	 171.168622	 171.168622
46470.162383	 79917.522304	 35400.962028	 99.463901	 171.168621	 171.168621
46868.017986	 80602.196790	 35704.258605	 99.463901	 171.168621	 171.168621
47265.873589	 81286.871275	 36007.555182	 99.463901	 171.168621	 171.168621
47663.729192	 81971.545759	 36310.851759	 99.463901	 171.168621	 171.168621
48061.584795	 82656.220243	 36614.148335	 99.463901	 171.168621	 171.168621
48459.440397	 83340.894727	 36917.444912	 99.463900	 171.168621	 171.168621
48857.295998	 84025.569210	 37220.741488	 99.463900	 171.168621	 171.168621
49255.151600	 84710.243692	 37524.038064	 99.463900	 171.168621	 171.168621
49653.007201	 85394.918174	 37827.334639	 99.463900	 171.168620	 171.168620
50050.862802	 86079.592656	 38130.631215	 99.463900	 171.168620	 171.168620
50448.718403	 86764.267137	 38433.927790	 99.463900	 171.168620	 171.168620
50846.574003	 87448.941617	 38737.224365	 99.463900	 171.168620	 171.168620
51244.429604	 88133.616098	 39040.520940	 99.463900	 171.168620	 171.168620
51642.285204	 88818.290577	 39343.817515	 99.463900	 171.168620	 171.168620
52040.140803	 89502.965057	 39647.114089	 99.463900	 171.168620	 171.168620
52437.996403	 90187.639536	 39950.410663	 99.463900	 171.168620	 171.168620
52835.852002	 90872.314014	 40253.707237	 99.463900	 171.168620	 171.168620
53233.707601	 91556.988492	 40557.003811	 99.463900	 171.168619	 171.168619
53631.563199	 92241.662970	 40860.300385	 99.463900	 171.168619	 171.168619
54029.418798	 92926.337447	 41163.596958	 99.463900	 171.168619	 171.168619
54427.274396	 93611.011924	 41466.893532	 99.463900	 171.168619	 171.168619
54825.129994	 94295.686400	 41770.190105	 99.463899	 171.168619	 171.168619
55222.985592	 94980.360876	 42073.486678	 99.463899	 171.168619	 171.168619
55620.841189	 95665.035352	 42376.783251	 99.463899	 171.168619	 171.168619
56018.696787	 96349.709827	 42680.079823	 99.463899	 171.168619	 171.168619
56416.552384	 97034.384302	 42983.376396	 99.463899	 171.168619	 171.168619
56814.407981	 97719.058777	 43286.672968	 99.463899	 171.168619	 171.168619
57212.263578	 98403.733251	 43589.969540	 99.463899	 171.168618	 171.168618
57610.119174	 99088.407725	 43893.266112	 99.463899	 171.168618	 171.168618
58007.974770	 99773.082198	 44196.562684	 99.463899	 171.168618	 171.168618
58405.830366	 100457.756671	 44499.859256	 99.463899	 171.168618	 171.168618
58803.685962	 101142.431144	 44803.155827	 99.463899	 171.168618	 171.168618
59201.541558	 101827.105616	 45106.452399	 99.463899	 171.168618	 171.168618
59599.397153	 102511.780089	 45409.748970	 99.463899	 171.168618	 171.168618
59997.252749	 103196.454560	 45713.045541	 99.463899	 171.168618	 171.168618
60395.108344	 103881.129032	 46016.342112	 99.463899	 171.168618	 171.168618
60792.963939	 104565.803503	 46319.638683	 99.463899	 171.168618	 171.168618
61190.819534	 105250.477974	 46622.935254	 99.463899	 171.168618	 171.168618
61588.675128	 105935.152444	 46926.231824	 99.463899	 171.168618	 171.168618
61986.530722	 106619.826915	 47229.528395	 99.463899	 171.168618	 171.168618
62384.386317	 107304.501385	 47532.824965	 99.463899	 171.168617	 171.168617
62782.241911	 107989.175854	 47836.121535	 99.463898	 171.168617	 171.168617
63180.097505	 108673.850323	 48139.418105	 99.463898	 171.168617	 171.168617
63577.953098	 109358.524792	 48442.714675	 99.463898	 171.168617	 171.168617
63975.808692	 110043.199261	 48746.011245	 99.463898	 171.168617	 171.168617
64373.664285	 110727.873730	 49049.307814	 99.463898	 171.168617	 171.168617
64771.519878	 111412.548198	 49352.604384	 99.463898	 171.168617	 171.168617
65169.375471	 112097.222666	 49655.900953	 99.463898	 171.168617	 171.168617
65567.231064	 112781.897133	 49959.197523	 99.463898	 171.168617	 171.168617
65965.086657	 113466.571601	 50262.494092	 99.463898	 171.168617	 171.168617
66362.942250	 114151.246068	 50565.790661	 99.463898	 171.168617	 171.168617
66760.797842	 114835.920535	 50869.087230	 99.463898	 171.168617	 171.168617
67158.653434	 115520.595001	 51172.383798	 99.463898	 171.168617	 171.168617
67556.509026	 116205.269467	 51475.680367	 99.463898	 171.168617	 171.168617
67954.364618	 116889.943934	 51778.976936	 99.463898	 171.168616	 171.168616
68352.220210	 117574.618399	 52082.273504	 99.463898	 171.168616	 171.168616
68750.075802	 118259.292865	 52385.570072	 99.463898	 171.168616	 171.168616
69147.931393	 118943.967330	 52688.866641	 99.463898	 171.168616	 171.168616
69545.786985	 119628.641795	 52992.163209	 99.463898	 171.168616	 171.168616
69943.642576	 120313.316260	 53295.459777	 99.463898	 171.168616	 171.168616
70341.498167	 120997.990725	 53598.756345	 99.463898	 171.168616	 171.168616
70739.353758	 121682.665189	 53902.052913	 99.463898	 171.168616	 171.168616
71137.209349	 122367.339653	 54205.349480	 99.463898	 171.168616	 171.168616
71535.064940	 123052.014117	 54508.646048	 99.463898	 171.168616	 171.168616
71932.920530	 123736.688581	 54811.942615	 99.463898	 171.168616	 171.168616
72330.776121	 124421.363044	 55115.239183	 99.463898	 171.168616	 171.168616
72728.631711	 125106.037507	 55418.535750	 99.463898	 171.168616	 171.168616
73126.487301	 125790.711970	 55721.832317	 99.463898	 171.168616	 171.168616
73524.342891	 126475.386433	 56025.128884	 99.463897	 171.168616	 171.168616
73922.198481	 127160.060895	 56328.425451	 99.463897	 171.168616	 171.168616
74320.054071	 127844.735358	 56631.722018	 99.463897	 171.168616	 171.168616
74717.909661	 128529.409820	 56935.018585	 99.463897	 171.168615	 171.168615
75115.765250	 129214.084282	 57238.315152	 99.463897	 171.168615	 171.168615
75513.620840	 129898.758744	 57541.611719	 99.463897	 171.168615	 171.168615
75911.476429	 130583.433205	 57844.908285	 99.463897	 171.168615	 171.168615
76309.332018	 131268.107666	 58148.204852	 99.463897	 171.168615	 171.168615
76707.187607	 131952.782127	 58451.501418	 99.463897	 171.168615	 171.168615
77105.043196	 132637.456588	 58754.797984	 99.463897	 171.168615	 171.168615
77502.898785	 133322.131049	 59058.094550	 99.463897	 171.168615	 171.168615
77900.754374	 134006.805510	 59361.391117	 99.463897	 171.168615	 171.168615
78298.609962	 134691.479970	 59664.687683	 99.463897	 171.168615	 171.168615
78696.465551	 135376.154430	 59967.984248	 99.463897	 171.168615	 171.168615
79094.321139	 136060.828890	 60271.280814	 99.463897	 171.168615	 171.168615
79492.176728	 136745.503350	 60574.577380	 99.463897	 171.168615	 171.168615
79890.032316	 137430.177809	 60877.873946	 99.463897	 171.168615	 171.168615
80287.887904	 138114.852269	 61181.170511	 99.463897	 171.168615	 171.168615
80685.743492	 138799.526728	 61484.467077	 99.463897	 171.168615	 171.168615
81083.599080	 139484.201187	 61787.763642	 99.463897	 171.168615	 171.168615
81481.454668	 140168.875646	 62091.060208	 99.463897	 171.168615	 171.168615
81879.310255	 140853.550105	 62394.356773	 99.463897	 171.168615	 171.168615
82277.165843	 141538.224563	 62697.653338	 99.463897	 171.168615	 171.168615
82675.021430	 142222.899021	 63000.949904	 99.463897	 171.168615	 171.168615
83072.877018	 142907.573480	 63304.246469	 99.463897	 171.168615	 171.168615
83470.732605	 143592.247938	 63607.543034	 99.463897	 171.168614	 171.168614
83868.588192	 144276.922395	 63910.839599	 99.463897	 171.168614	 171.168614
84266.443779	 144961.596853	 64214.136163	 99.463897	 171.168614	 171.168614
84664.299366	 145646.271311	 64517.432728	 99.463897	 171.168614	 171.168614
85062.154953	 146330.945768	 64820.729293	 99.463897	 171.168614	 171.168614
85460.010540	 147015.620225	 65124.025857	 99.463897	 171.168614	 171.168614
85857.866127	 147700.294682	 65427.322422	 99.463897	 171.168614	 171.168614
86255.721713	 148384.969139	 65730.618987	 99.463897	 171.168614	 171.168614
86653.577300	 149069.643596	 66033.915551	 99.463897	 171.168614	 171.168614
87051.432886	 149754.318052	 66337.212115	 99.463897	 171.168614	 171.168614
87449.288473	 150438.992509	 66640.508680	 99.463897	 171.168614	 171.168614
87847.144059	 151123.666965	 66943.805244	 99.463897	 171.168614	 171.168614
88244.999645	 151808.341421	 67247.101808	 99.463897	 171.168614	 171.168614
88642.855231	 152493.015877	 67550.398372	 99.463897	 171.168614	 171.168614
89040.710817	 153177.690333	 67853.694936	 99.463896	 171.168614	 171.168614
89438.566403	 153862.364788	 68156.991500	 99.463896	 171.168614	 171.168614
89836.421989	 154547.039244	 68460.288064	 99.463896	 171.168614	 171.168614
90234.277575	 155231.713699	 68763.584628	 99.463896	 171.168614	 171.168614
90632.133160	 155916.388154	 69066.881192	 99.463896	 171.168614	 171.168614
91029.988746	 156601.062610	 69370.177755	 99.463896	 171.168614	 171.168614
91427.844332	 157285.737064	 69673.474319	 99.463896	 171.168614	 171.168614
91825.699917	 157970.411519	 69976.770883	 99.463896	 171.168614	 171.168614
92223.555502	 158655.085974	 70280.067446	 99.463896	 171.168614	 171.168614
92621.411088	 159339.760428	 70583.364009	 99.463896	 171.168614	 171.168614
93019.266673	 160024.434883	 70886.660573	 99.463896	 171.168614	 171.168614
93417.122258	 160709.109337	 71189.957136	 99.463896	 171.168614	 171.168614
93814.977843	 161393.783791	 71493.253700	 99.463896	 171.168614	 171.168614
94212.833428	 162078.458245	 71796.550263	 99.463896	 171.168613	 171.168613
94610.689013	 162763.132699	 72099.846826	 99.463896	 171.168613	 171.168613
95008.544598	 163447.807153	 72403.143389	 99.463896	 171.168613	 171.168613
95406.400182	 164132.481606	 72706.439952	 99.463896	 171.168613	 171.168613
95804.255767	 164817.156060	 73009.736515	 99.463896	 171.168613	 171.168613
96202.111352	 165501.830513	 73313.033078	 99.463896	 171.168613	 171.168613
96599.966936	 166186.504966	 73616.329641	 99.463896	 171.168613	 171.168613
96997.822520	 166871.179420	 73919.626204	 99.463896	 171.168613	 171.168613
97395.678105	 167555.853872	 74222.922766	 99.463896	 171.168613	 171.168613
97793.533689	 168240.528325	 74526.219329	 99.463896	 171.168613	 171.168613
98191.389273	 168925.202778	 74829.515892	 99.463896	 171.168613	 171.168613
98589.244857	 169609.877231	 75132.812454	 99.463896	 171.168613	 171.168613
98987.100442	 170294.551683	 75436.109017	 99.463896	 171.168613	 171.168613
99384.956026	 170979.226136	 75739.405580	 99.463896	 171.168613	 171.168613
99782.811610	 171663.900588	 76042.702142	 99.463896	 171.168613	 171.168613
100180.667193	 172348.575040	 76345.998704	 99.463896	 171.168613	 171.168613
100578.522777	 173033.249492	 76649.295267	 99.463896	 171.168613	 171.168613
100976.378361	 173717.923944	 76952.591829	 99.463896	 171.168613	 171.168613
101374.233945	 174402.598396	 77255.888391	 99.463896	 171.168613	 171.168613
101772.089528	 175087.272847	 77559.184953	 99.463896	 171.168613	 171.168613
102169.945112	 175771.947299	 77862.481516	 99.463896	 171.168613	 171.168613
102567.800695	 176456.621750	 78165.778078	 99.463896	 171.168613	 171.168613
102965.656279	 177141.296202	 78469.074640	 99.463896	 171.168613	 171.168613
103363.511862	 177825.970653	 78772.371202	 99.463896	 171.168613	 171.168613
103761.367445	 178510.645104	 79075.667764	 99.463896	 171.168613	 171.168613
104159.223029	 179195.319555	 79378.964326	 99.463896	 171.168613	 171.168613
104557.078612	 179879.994006	 79682.260887	 99.463896	 171.168613	 171.168613
104954.934195	 180564.668457	 79985.557449	 99.463896	 171.168613	 171.168613
105352.789778	 181249.342907	 80288.854011	 99.463896	 171.168613	 171.168613
105750.645361	 181934.017358	 80592.150573	 99.463896	 171.168613	 171.168613
106148.500944	 182618.691808	 80895.447134	 99.463896	 171.168613	 171.168613
106546.356527	 183303.366259	 81198.743696	 99.463896	 171.168613	 171.168613
106944.212109	 183988.040709	 81502.040258	 99.463896	 171.168613	 171.168613
107342.067692	 184672.715159	 81805.336819	 99.463896	 171.168613	 171.168613
107739.923275	 185357.389609	 82108.633381	 99.463896	 171.168613	 171.168613
108137.778857	 186042.064059	 82411.929942	 99.463896	 171.168612	 171.168612
108535.634440	 186726.738509	 82715.226504	 99.463896	 171.168612	 171.168612
108933.490023	 187411.412959	 83018.523065	 99.463896	 171.168612	 171.168612
109331.345605	 188096.087409	 83321.819626	 99.463896	 171.168612	 171.168612
109729.201187	 188780.761858	 83625.116187	 99.463896	 171.168612	 171.168612
110127.056770	 189465.436308	 83928.412749	 99.463896	 171.168612	 171.168612
110524.912352	 190150.110757	 84231.709310	 99.463896	 171.168612	 171.168612
110922.767934	 190834.785206	 84535.005871	 99.463896	 171.168612	 171.168612
111320.623516	 191519.459656	 84838.302432	 99.463896	 171.168612	 171.168612
111718.479099	 192204.134105	 85141.598993	 99.463896	 171.168612	 171.168612
112116.334681	 192888.808554	 85444.895554	 99.463896	 171.168612	 171.168612
112514.190263	 193573.483003	 85748.192115	 99.463895	 171.168612	 171.168612
112912.045845	 194258.157452	 86051.488676	 99.463895	 171.168612	 171.168612
113309.901426	 194942.831900	 86354.785237	 99.463895	 171.168612	 171.168612
113707.757008	 195627.506349	 86658.081798	 99.463895	 171.168612	 171.168612
114105.612590	 196312.180798	 86961.378359	 99.463895	 171.168612	 171.168612
114503.468172	 196996.855246	 87264.674920	 99.463895	 171.168612	 171.168612
114901.323754	 197681.529694	 87567.971480	 99.463895	 171.168612	 171.168612
115299.179335	 198366.204143	 87871.268041	 99.463895	 171.168612	 171.168612
115697.034917	 199050.878591	 88174.564602	 99.463895	 171.168612	 171.168612
116094.890498	 199735.553039	 88477.861162	 99.463895	 171.168612	 171.168612
116492.746080	 200420.227487	 88781.157723	 99.463895	 171.168612	 171.168612
116890.601661	 201104.901935	 89084.454283	 99.463895	 171.168612	 171.168612
117288.457243	 201789.576383	 89387.750844	 99.463895	 171.168612	 171.168612
117686.312824	 202474.250831	 89691.047404	 99.463895	 171.168612	 171.168612
118084.168405	 203158.925278	 89994.343965	 99.463895	 171.168612	 171.168612
118482.023987	 203843.599726	 90297.640525	 99.463895	 171.168612	 171.168612
118879.879568	 204528.274173	 90600.937086	 99.463895	 171.168612	 171.168612
119277.735149	 205212.948621	 90904.233646	 99.463895	 171.168612	 171.168612
119675.590730	 205897.623068	 91207.530206	 99.463895	 171.168612	 171.168612
120073.446311	 206582.297516	 91510.826766	 99.463895	 171.168612	 171.168612
120471.301892	 207266.971963	 91814.123327	 99.463895	 171.168612	 171.168612
120869.157473	 207951.646410	 92117.419887	 99.463895	 171.168612	 171.168612
121267.013054	 208636.320857	 92420.716447	 99.463895	 171.168612	 171.168612
121664.868635	 209320.995304	 92724.013007	 99.463895	 171.168612	 171.168612
122062.724216	 210005.669751	 93027.309567	 99.463895	 171.168612	 171.168612
122460.579796	 210690.344198	 93330.606127	 99.463895	 171.168612	 171.168612
122858.435377	 211375.018644	 93633.902687	 99.463895	 171.168612	 171.168612
123256.290958	 212059.693091	 93937.199247	 99.463895	 171.168612	 171.168612
123654.146538	 212744.367538	 94240.495807	 99.463895	 171.168612	 171.168612
124052.002119	 213429.041984	 94543.792367	 99.463895	 171.168612	 171.168612
124449.857700	 214113.716430	 94847.088927	 99.463895	 171.168612	 171.168612
124847.713280	 214798.390877	 95150.385487	 99.463895	 171.168612	 171.168612
125245.568861	 215483.065323	 95453.682047	 99.463895	 171.168612	 171.168612
125643.424441	 216167.739769	 95756.978606	 99.463895	 171.168612	 171.168612
126041.280021	 216852.414215	 96060.275166	 99.463895	 171.168612	 171.168612
126439.135602	 217537.088661	 96363.571726	 99.463895	 171.168612	 171.168612
126836.991182	 218221.763107	 96666.868285	 99.463895	 171.168611	 171.168611
127234.846762	 218906.437553	 96970.164845	 99.463895	 171.168611	 171.168611
127632.702343	 219591.111999	 97273.461405	 99.463895	 171.168611	 171.168611
128030.557923	 220275.786445	 97576.757964	 99.463895	 171.168611	 171.168611
128428.413503	 220960.460891	 97880.054524	 99.463895	 171.168611	 171.168611
128826.269083	 221645.135336	 98183.351083	 99.463895	 171.168611	 171.168611
129224.124663	 222329.809782	 98486.647643	 99.463895	 171.168611	 171.168611
129621.980243	 223014.484227	 98789.944202	 99.463895	 171.168611	 171.168611
130019.835823	 223699.158673	 99093.240762	 99.463895	 171.168611	 171.168611
130417.691403	 224383.833118	 99396.537321	 99.463895	 171.168611	 171.168611
130815.546983	 225068.507563	 99699.833880	 99.463895	 171.168611	 171.168611
131213.402563	 225753.182009	 100003.130440	 99.463895	 171.168611	 171.168611
131611.258142	 226437.856454	 100306.426999	 99.463895	 171.168611	 171.168611
132009.113722	 227122.530899	 100609.723558	 99.463895	 171.168611	 171.168611
132406.969302	 227807.205344	 100913.020118	 99.463895	 171.168611	 171.168611
132804.824882	 228491.879789	 101216.316677	 99.463895	 171.168611	 171.168611
133202.680461	 229176.554234	 101519.613236	 99.463895	 171.168611	 171.168611
133600.536041	 229861.228678	 101822.909795	 99.463895	 171.168611	 171.168611
133998.391621	 230545.903123	 102126.206354	 99.463895	 171.168611	 171.168611
134396.247200	 231230.577568	 102429.502913	 99.463895	 171.168611	 171.168611
134794.102780	 231915.252012	 102732.799473	 99.463895	 171.168611	 171.168611
135191.958359	 232599.926457	 103036.096032	 99.463895	 171.168611	 171.168611
135589.813939	 233284.600902	 103339.392591	 99.463895	 171.168611	 171.168611
135987.669518	 233969.275346	 103642.689150	 99.463895	 171.168611	 171.168611
136385.525097	 234653.949790	 103945.985709	 99.463895	 171.168611	 171.168611
136783.380677	 235338.624235	 104249.282267	 99.463895	 171.168611	 171.168611
137181.236256	 236023.298679	 104552.578826	 99.463895	 171.168611	 171.168611
137579.091835	 236707.973123	 104855.875385	 99.463895	 171.168611	 171.168611
137976.947414	 237392.647567	 105159.171944	 99.463895	 171.168611	 171.168611
138374.802994	 238077.322011	 105462.468503	 99.463895	 171.168611	 171.168611
138772.658573	 238761.996455	 105765.765062	 99.463895	 171.168611	 171.168611
139170.514152	 239446.670899	 106069.061620	 99.463895	 171.168611	 171.168611
139568.369731	 240131.345343	 106372.358179	 99.463895	 171.168611	 171.168611
139966.225310	 240816.019787	 106675.654738	 99.463895	 171.168611	 171.168611
140364.080889	 241500.694231	 106978.951297	 99.463895	 171.168611	 171.168611
140761.936468	 242185.368674	 107282.247855	 99.463895	 171.168611	 171.168611
141159.792047	 242870.043118	 107585.544414	 99.463895	 171.168611	 171.168611
141557.647626	 243554.717562	 107888.840973	 99.463895	 171.168611	 171.168611
141955.503205	 244239.392005	 108192.137531	 99.463895	 171.168611	 171.168611
142353.358783	 244924.066449	 108495.434090	 99.463895	 171.168611	 171.168611
142751.214362	 245608.740892	 108798.730648	 99.463895	 171.168611	 171.168611
143149.069941	 246293.415335	 109102.027207	 99.463895	 171.168611	 171.168611
143546.925520	 246978.089779	 109405.323765	 99.463895	 171.168611	 171.168611
143944.781098	 247662.764222	 109708.620324	 99.463895	 171.168611	 171.168611
144342.636677	 248347.438665	 110011.916882	 99.463895	 171.168611	 171.168611
144740.492256	 249032.113108	 110315.213441	 99.463895	 171.168611	 171.168611
145138.347834	 249716.787551	 110618.509999	 99.463895	 171.168611	 171.168611
145536.203413	 250401.461994	 110921.806557	 99.463895	 171.168611	 171.168611
145934.058991	 251086.136437	 111225.103116	 99.463895	 171.168611	 171.168611
146331.914570	 251770.810880	 111528.399674	 99.463895	 171.168611	 171.168611
146729.770148	 252455.485323	 111831.696232	 99.463895	 171.168611	 171.168611
147127.625727	 253140.159766	 112134.992790	 99.463895	 171.168611	 171.168611
147525.481305	 253824.834208	 112438.289349	 99.463895	 171.168611	 171.168611
147923.336884	 254509.508651	 112741.585907	 99.463895	 171.168611	 171.168611
148321.192462	 255194.183094	 113044.882465	 99.463895	 171.168611	 171.168611
148719.048040	 255878.857536	 113348.179023	 99.463895	 171.168611	 171.168611
149116.903619	 256563.531979	 113651.475581	 99.463895	 171.168611	 171.168611
149514.759197	 257248.206421	 113954.772140	 99.463895	 171.168611	 171.168611
149912.614775	 257932.880864	 114258.068698	 99.463895	 171.168611	 171.168611
150310.470353	 258617.555306	 114561.365256	 99.463895	 171.168611	 171.168611
150708.325932	 259302.229748	 114864.661814	 99.463895	 171.168611	 171.168611
151106.181510	 259986.904191	 115167.958372	 99.463895	 171.168611	 171.168611
151504.037088	 260671.578633	 115471.254930	 99.463895	 171.168611	 171.168611
151901.892666	 261356.253075	 115774.551488	 99.463895	 171.168611	 171.168611
152299.748244	 262040.927517	 116077.848046	 99.463895	 171.168611	 171.168611
152697.603822	 262725.601959	 116381.144604	 99.463895	 171.168611	 171.168611
153095.459400	 263410.276401	 116684.441162	 99.463894	 171.168610	 171.168610
153493.314978	 264094.950843	 116987.737720	 99.463894	 171.168610	 171.168610
153891.170556	 264779.625285	 117291.034277	 99.463894	 171.168610	 171.168610
154289.026134	 265464.299727	 117594.330835	 99.463894	 171.168610	 171.168610
154686.881712	 266148.974169	 117897.627393	 99.463894	 171.168610	 171.168610
155084.737290	 266833.648611	 118200.923951	 99.463894	 171.168610	 171.168610
155482.592867	 267518.323052	 118504.220509	 99.463894	 171.168610	 171.168610
155880.448445	 268202.997494	 118807.517067	 99.463894	 171.168610	 171.168610
156278.304023	 268887.671936	 119110.813624	 99.463894	 171.168610	 171.168610
156676.159601	 269572.346377	 119414.110182	 99.463894	 171.168610	 171.168610
157074.015178	 270257.020819	 119717.406740	 99.463894	 171.168610	 171.168610
157471.870756	 270941.695260	 120020.703297	 99.463894	 171.168610	 171.168610
157869.726334	 271626.369702	 120323.999855	 99.463894	 171.168610	 171.168610
158267.581911	 272311.044143	 120627.296413	 99.463894	 171.168610	 171.168610
158665.437489	 272995.718585	 120930.592970	 99.463894	 171.168610	 171.168610
159063.293067	 273680.393026	 121233.889528	 99.463894	 171.168610	 171.168610
159461.148644	 274365.067467	 121537.186086	 99.463894	 171.168610	 171.168610
159859.004222	 275049.741908	 121840.482643	 99.463894	 171.168610	 171.168610
160256.859799	 275734.416350	 122143.779201	 99.463894	 171.168610	 171.168610
160654.715377	 276419.090791	 122447.075758	 99.463894	 171.168610	 171.168610
161052.570954	 277103.765232	 122750.372316	 99.463894	 171.168610	 171.168610
161450.426532	 277788.439673	 123053.668873	 99.463894	 171.168610	 171.168610
161848.282109	 278473.114114	 123356.965431	 99.463894	 171.168610	 171.168610
162246.137686	 279157.788555	 123660.261988	 99.463894	 171.168610	 171.168610
162643.993264	 279842.462996	 123963.558546	 99.463894	 171.168610	 171.168610
163041.848841	 280527.137436	 124266.855103	 99.463894	 171.168610	 171.168610
163439.704418	 281211.811877	 124570.151660	 99.463894	 171.168610	 171.168610
163837.559996	 281896.486318	 124873.448218	 99.463894	 171.168610	 171.168610
164235.415573	 282581.160759	 125176.744775	 99.463894	 171.168610	 171.168610
164633.271150	 283265.835199	 125480.041332	 99.463894	 171.168610	 171.168610
165031.126727	 283950.509640	 125783.337890	 99.463894	 171.168610	 171.168610
165428.982304	 284635.184081	 126086.634447	 99.463894	 171.168610	 171.168610
165826.837882	 285319.858521	 126389.931004	 99.463894	 171.168610	 171.168610
166224.693459	 286004.532962	 126693.227561	 99.463894	 171.168610	 171.168610
166622.549036	 286689.207402	 126996.524119	 99.463894	 171.168610	 171.168610
167020.404613	 287373.881843	 127299.820676	 99.463894	 171.168610	 171.168610
167418.260190	 288058.556283	 127603.117233	 99.463894	 171.168610	 171.168610
167816.115767	 288743.230723	 127906.413790	 99.463894	 171.168610	 171.168610
168213.971344	 289427.905164	 128209.710347	 99.463894	 171.168610	 171.168610
168611.826921	 290112.579604	 128513.006905	 99.463894	 171.168610	 171.168610
169009.682498	 290797.254044	 128816.303462	 99.463894	 171.168610	 171.168610
169407.538075	 291481.928484	 129119.600019	 99.463894	 171.168610	 171.168610
169805.393652	 292166.602924	 129422.896576	 99.463894	 171.168610	 171.168610
170203.249229	 292851.277365	 129726.193133	 99.463894	 171.168610	 171.168610
170601.104805	 293535.951805	 130029.489690	 99.463894	 171.168610	 171.168610
170998.960382	 294220.626245	 130332.786247	 99.463894	 171.168610	 171.168610
171396.815959	 294905.300685	 130636.082804	 99.463894	 171.168610	 171.168610
171794.671536	 295589.975125	 130939.379361	 99.463894	 171.168610	 171.168610
172192.527113	 296274.649564	 131242.675918	 99.463894	 171.168610	 171.168610
172590.382689	 296959.324004	 131545.972475	 99.463894	 171.168610	 171.168610
172988.238266	 297643.998444	 131849.269032	 99.463894	 171.168610	 171.168610
173386.093843	 298328.672884	 132152.565589	 99.463894	 171.168610	 171.168610
173783.949419	 299013.347324	 132455.862146	 99.463894	 171.168610	 171.168610
174181.804996	 299698.021763	 132759.158703	 99.463894	 171.168610	 171.168610
174579.660573	 300382.696203	 133062.455260	 99.463894	 171.168610	 171.168610
174977.516149	 301067.370643	 133365.751816	 99.463894	 171.168610	 171.168610
175375.371726	 301752.045082	 133669.048373	 99.463894	 171.168610	 171.168610
175773.227302	 302436.719522	 133972.344930	 99.463894	 171.168610	 171.168610
176171.082879	 303121.393961	 134275.641487	 99.463894	 171.168610	 171.168610
176568.938456	 303806.068401	 134578.938044	 99.463894	 171.168610	 171.168610
176966.794032	 304490.742840	 134882.234601	 99.463894	 171.168610	 171.168610
177364.649609	 305175.417280	 135185.531157	 99.463894	 171.168610	 171.168610
177762.505185	 305860.091719	 135488.827714	 99.463894	 171.168610	 171.168610
178160.360761	 306544.766158	 135792.124271	 99.463894	 171.168610	 171.168610
178558.216338	 307229.440598	 136095.420828	 99.463894	 171.168610	 171.168610
178956.071914	 307914.115037	 136398.717384	 99.463894	 171.168610	 171.168610
179353.927491	 308598.789476	 136702.013941	 99.463894	 171.168610	 171.168610
179751.783067	 309283.463915	 137005.310498	 99.463894	 171.168610	 171.168610
180149.638643	 309968.138354	 137308.607054	 99.463894	 171.168610	 171.168610
180547.494220	 310652.812794	 137611.903611	 99.463894	 171.168610	 171.168610
180945.349796	 311337.487233	 137915.200167	 99.463894	 171.168610	 171.168610
181343.205372	 312022.161672	 138218.496724	 99.463894	 171.168610	 171.168610
181741.060948	 312706.836111	 138521.793281	 99.463894	 171.168610	 171.168610
182138.916525	 313391.510550	 138825.089837	 99.463894	 171.168610	 171.168610
182536.772101	 314076.184989	 139128.386394	 99.463894	 171.168610	 171.168610
182934.627677	 314760.859428	 139431.682950	 99.463894	 171.168610	 171.168610
183332.483253	 315445.533866	 139734.979507	 99.463894	 171.168610	 171.168610
183730.338829	 316130.208305	 140038.276063	 99.463894	 171.168610	 171.168610
184128.194405	 316814.882744	 140341.572620	 99.463894	 171.168610	 171.168610
184526.049982	 317499.557183	 140644.869176	 99.463894	 171.168610	 171.168610
184923.905558	 318184.231622	 140948.165733	 99.463894	 171.168610	 171.168610
185321.761134	 318868.906060	 141251.462289	 99.463894	 171.168610	 171.168610
185719.616710	 319553.580499	 141554.758846	 99.463894	 171.168610	 171.168610
186117.472286	 320238.254938	 141858.055402	 99.463894	 171.168610	 171.168610
186515.327862	 320922.929376	 142161.351958	 99.463894	 171.168610	 171.168610
186913.183438	 321607.603815	 142464.648515	 99.463894	 171.168610	 171.168610
