0.050801	 -0.401164	 -0.219558	 8.146344	 1.772268	 1.772268
8.197145	 1.371104	 -0.117635	 8.146344	 1.772268	 1.772268
16.343489	 3.143373	 -0.015712	 8.146344	 1.772268	 1.772268
24.489832	 4.915641	 0.086210	 8.146344	 1.772268	 1.772268
32.636176	 6.687910	 0.188133	 8.146344	 1.772268	 1.772268
40.782520	 8.460178	 0.290055	 8.146344	 1.772268	 1.772268
48.928864	 10.232447	 0.391978	 8.146344	 1.772268	 1.772268
57.075207	 12.004715	 0.493901	 8.146344	 1.772268	 1.772268
65.221551	 13.776983	 0.595823	 8.146344	 1.772268	 1.772268
73.367895	 15.549252	 0.697746	 8.146344	 1.772268	 1.772268
81.514239	 17.321520	 0.799668	 8.146344	 1.772268	 1.772268
89.660582	 19.093789	 0.901591	 8.146344	 1.772268	 1.772268
97.806926	 20.866057	 1.003514	 8.146344	 1.772268	 1.772268
105.953270	 22.638326	 1.105436	 8.146344	 1.772268	 1.772268
114.099614	 24.410594	 1.207359	 8.146344	 1.772268	 1.772268
122.245957	 26.182863	 1.309281	 8.146344	 1.772268	 1.772268
130.392301	 27.955131	 1.411204	 8.146344	 1.772268	 1.772268
138.538645	 29.727399	 1.513127	 8.146344	 1.772268	 1.772268
146.684989	 31.499668	 1.615049	 8.146344	 1.772268	 1.772268
154.831332	 33.271936	 1.716972	 8.146344	 1.772268	 1.772268
162.977676	 35.044205	 1.818894	 8.146344	 1.772268	 1.772268
171.124020	 36.816473	 1.920817	 8.146344	 1.772268	 1.772268
179.270364	 38.588742	 2.022740	 8.146344	 1.772268	 1.772268
187.416707	 40.361010	 2.124662	 8.146344	 1.772268	 1.772268
195.563051	 42.133279	 2.226585	 8.146344	 1.772268	 1.772268
203.709395	 43.905547	 2.328507	 8.146344	 1.772268	 1.772268
211.855739	 45.677815	 2.430430	 8.146344	 1.772268	 1.772268
220.002082	 47.450084	 2.532353	 8.146344	 1.772268	 1.772268
228.148426	 49.222352	 2.634275	 8.146344	 1.772268	 1.772268
236.294770	 50.994621	 2.736198	 8.146344	 1.772268	 1.772268
244.441114	 52.766889	 2.838120	 8.146344	 1.772268	 1.772268
252.587457	 54.539158	 2.940043	 8.146344	 1.772268	 1.772268
260.733801	 56.311426	 3.041966	 8.146344	 1.772268	 1.772268
268.880145	 58.083695	 3.143888	 8.146344	 1.772268	 1.772268
277.026489	 59.855963	 3.245811	 8.146344	 1.772268	 1.772268
285.172832	 61.628232	 3.347733	 8.146344	 1.772268	 1.772268
293.319176	 63.400500	 3.449656	 8.146344	 1.772268	 1.772268
301.465520	 65.172768	 3.551579	 8.146344	 1.772268	 1.772268
309.611864	 66.945037	 3.653501	 8.146344	 1.772268	 1.772268
317.758207	 68.717305	 3.755424	 8.146344	 1.772268	 1.772268
325.904551	 70.489574	 3.857346	 8.146344	 1.772268	 1.772268
334.050895	 72.261842	 3.959269	 8.146344	 1.772268	 1.772268
342.197239	 74.034111	 4.061192	 8.146344	 1.772268	 1.772268
350.343582	 75.806379	 4.163114	 8.146344	 1.772268	 1.772268
358.489926	 77.578648	 4.265037	 8.146344	 1.772268	 1.772268
366.636270	 79.350916	 4.366959	 8.146344	 1.772268	 1.772268
374.782614	 81.123184	 4.468882	 8.146344	 1.772268	 1.772268
382.928957	 82.895453	 4.570805	 8.146344	 1.772268	 1.772268
391.075301	 84.667721	 4.672727	 8.146344	 1.772268	 1.772268
399.221645	 86.439990	 4.774650	 8.146344	 1.772268	 1.772268
407.367989	 88.212258	 4.876572	 8.146344	 1.772268	 1.772268
415.514332	 89.984527	 4.978495	 8.146344	 1.772268	 1.772268
423.660676	 91.756795	 5.080418	 8.146344	 1.772268	 1.772268
431.807020	 93.529064	 5.182340	 8.146344	 1.772268	 1.772268
439.953364	 95.301332	 5.284263	 8.146344	 1.772268	 1.772268
448.099707	 97.073601	 5.386185	 8.146344	 1.772268	 1.772268
456.246051	 98.845869	 5.488108	 8.146344	 1.772268	 1.772268
464.392395	 100.618137	 5.590031	 8.146344	 1.772268	 1.772268
472.538739	 102.390406	 5.691953	 8.146344	 1.772268	 1.772268
480.685082	 104.162674	 5.793876	 8.146344	 1.772268	 1.772268
488.831426	 105.934943	 5.895798	 8.146344	 1.772268	 1.772268
496.977770	 107.707211	 5.997721	 8.146344	 1.772268	 1.772268
505.124114	 109.479480	 6.099644	 8.146344	 1.772268	 1.772268
513.270457	 111.251748	 6.201566	 8.146344	 1.772268	 1.772268
521.416801	 113.024017	 6.303489	 8.146344	 1.772268	 1.772268
529.563145	 114.796285	 6.405411	 8.146344	 1.772268	 1.772268
537.709489	 116.568553	 6.507334	 8.146344	 1.772268	 1.772268
545.855832	 118.340822	 6.609257	 8.146344	 1.772268	 1.772268
554.002176	 120.113090	 6.711179	 8.146344	 1.772268	 1.772268
562.148520	 121.885359	 6.813102	 8.146344	 1.772268	 1.772268
570.294864	 123.657627	 6.915024	 8.146344	 1.772268	 1.772268
578.441207	 125.429896	 7.016947	 8.146344	 1.772268	 1.772268
586.587551	 127.202164	 7.118870	 8.146344	 1.772268	 1.772268
594.733895	 128.974433	 7.220792	 8.146344	 1.772268	 1.772268
602.880239	 130.746701	 7.322715	 8.146344	 1.772268	 1.772268
611.026582	 132.518970	 7.424637	 8.146344	 1.772268	 1.772268
619.172926	 134.291238	 7.526560	 8.146344	 1.772268	 1.772268
627.319270	 136.063506	 7.628483	 8.146344	 1.772268	 1.772268
635.465614	 137.835775	 7.730405	 8.146344	 1.772268	 1.772268
643.611957	 139.608043	 7.832328	 8.146344	 1.772268	 1.772268
651.758301	 141.380312	 7.934250	 8.146344	 1.772268	 1.772268
659.904645	 143.152580	 8.036173	 8.146344	 1.772268	 1.772268
668.050989	 144.924849	 8.138096	 8.146344	 1.772268	 1.772268
676.197332	 146.697117	 8.240018	 8.146344	 1.772268	 1.772268
684.343676	 148.469386	 8.341941	 8.146344	 1.772268	 1.772268
692.490020	 150.241654	 8.443863	 8.146344	 1.772268	 1.772268
700.636364	 152.013923	 8.545786	 8.146344	 1.772268	 1.772268
708.782707	 153.786191	 8.647709	 8.146344	 1.772268	 1.772268
716.929051	 155.558459	 8.749631	 8.146344	 1.772268	 1.772268
725.075395	 157.330728	 8.851554	 8.146344	 1.772268	 1.772268
733.221739	 159.102996	 8.953476	 8.146344	 1.772268	 1.772268
741.368082	 160.875265	 9.055399	 8.146344	 1.772268	 1.772268
749.514426	 162.647533	 9.157322	 8.146344	 1.772268	 1.772268
757.660770	 164.419802	 9.259244	 8.146344	 1.772268	 1.772268
765.807114	 166.192070	 9.361167	 8.146344	 1.772268	 1.772268
773.953457	 167.964339	 9.463089	 8.146344	 1.772268	 1.772268
782.099801	 169.736607	 9.565012	 8.146344	 1.772268	 1.772268
790.246145	 171.508875	 9.666935	 8.146344	 1.772268	 1.772268
798.392489	 173.281144	 9.768857	 8.146344	 1.772268	 1.772268
806.538832	 175.053412	 9.870780	 8.146344	 1.772268	 1.772268
814.685176	 176.825681	 9.972702	 8.146344	 1.772268	 1.772268
822.831520	 178.597949	 10.074625	 8.146344	 1.772268	 1.772268
830.977864	 180.370218	 10.176548	 8.146344	 1.772268	 1.772268
839.124207	 182.142486	 10.278470	 8.146344	 1.772268	 1.772268
847.270551	 183.914755	 10.380393	 8.146344	 1.772268	 1.772268
855.416895	 185.687023	 10.482315	 8.146344	 1.772268	 1.772268
863.563239	 187.459292	 10.584238	 8.146344	 1.772268	 1.772268
871.709582	 189.231560	 10.686161	 8.146344	 1.772268	 1.772268
879.855926	 191.003828	 10.788083	 8.146344	 1.772268	 1.772268
888.002270	 192.776097	 10.890006	 8.146344	 1.772268	 1.772268
896.148614	 194.548365	 10.991928	 8.146344	 1.772268	 1.772268
904.294957	 196.320634	 11.093851	 8.146344	 1.772268	 1.772268
912.441301	 198.092902	 11.195774	 8.146344	 1.772268	 1.772268
920.587645	 199.865171	 11.297696	 8.146344	 1.772268	 1.772268
928.733989	 201.637439	 11.399619	 8.146344	 1.772268	 1.772268
936.880332	 203.409708	 11.501541	 8.146344	 1.772268	 1.772268
945.026676	 205.181976	 11.603464	 8.146344	 1.772268	 1.772268
953.173020	 206.954244	 11.705387	 8.146344	 1.772268	 1.772268
961.319364	 208.726513	 11.807309	 8.146344	 1.772268	 1.772268
969.465707	 210.498781	 11.909232	 8.146344	 1.772268	 1.772268
977.612051	 212.271050	 12.011154	 8.146344	 1.772268	 1.772268
985.758395	 214.043318	 12.113077	 8.146344	 1.772268	 1.772268
993.904739	 215.815587	 12.215000	 8.146344	 1.772268	 1.772268
1002.051082	 217.587855	 12.316922	 8.146344	 1.772268	 1.772268
1010.197426	 219.360124	 12.418845	 8.146344	 1.772268	 1.772268
1018.343770	 221.132392	 12.520767	 8.146344	 1.772268	 1.772268
1026.490114	 222.904661	 12.622690	 8.146344	 1.772268	 1.772268
1034.636457	 224.676929	 12.724613	 8.146344	 1.772268	 1.772268
1042.782801	 226.449197	 12.826535	 8.146344	 1.772268	 1.772268
1050.929145	 228.221466	 12.928458	 8.146344	 1.772268	 1.772268
1059.075489	 229.993734	 13.030380	 8.146344	 1.772268	 1.772268
1067.221832	 231.766003	 13.132303	 8.146344	 1.772268	 1.772268
1075.368176	 233.538271	 13.234226	 8.146344	 1.772268	 1.772268
1083.514520	 235.310540	 13.336148	 8.146344	 1.772268	 1.772268
1091.660864	 237.082808	 13.438071	 8.146344	 1.772268	 1.772268
1099.807207	 238.855077	 13.539993	 8.146344	 1.772268	 1.772268
1107.953551	 240.627345	 13.641916	 8.146344	 1.772268	 1.772268
1116.099895	 242.399613	 13.743839	 8.146344	 1.772268	 1.772268
1124.246239	 244.171882	 13.845761	 8.146344	 1.772268	 1.772268
1132.392582	 245.944150	 13.947684	 8.146344	 1.772268	 1.772268
1140.538926	 247.716419	 14.049606	 8.146344	 1.772268	 1.772268
1148.685270	 249.488687	 14.151529	 8.146344	 1.772268	 1.772268
1156.831614	 251.260956	 14.253452	 8.146344	 1.772268	 1.772268
1164.977957	 253.033224	 14.355374	 8.146344	 1.772268	 1.772268
1173.124301	 254.805493	 14.457297	 8.146344	 1.772268	 1.772268
1181.270645	 256.577761	 14.559219	 8.146344	 1.772268	 1.772268
1189.416989	 258.350030	 14.661142	 8.146344	 1.772268	 1.772268
1197.563332	 260.122298	 14.763065	 8.146344	 1.772268	 1.772268
1205.709676	 261.894566	 14.864987	 8.146344	 1.772268	 1.772268
1213.856020	 263.666835	 14.966910	 8.146344	 1.772268	 1.772268
1222.002364	 265.439103	 15.068832	 8.146344	 1.772268	 1.772268
1230.148707	 267.211372	 15.170755	 8.146344	 1.772268	 1.772268
1238.295051	 268.983640	 15.272678	 8.146344	 1.772268	 1.772268
1246.441395	 270.755909	 15.374600	 8.146344	 1.772268	 1.772268
1254.587739	 272.528177	 15.476523	 8.146344	 1.772268	 1.772268
1262.734082	 274.300446	 15.578445	 8.146344	 1.772268	 1.772268
1270.880426	 276.072714	 15.680368	 8.146344	 1.772268	 1.772268
1279.026770	 277.844982	 15.782291	 8.146344	 1.772268	 1.772268
1287.173114	 279.617251	 15.884213	 8.146344	 1.772268	 1.772268
1295.319457	 281.389519	 15.986136	 8.146344	 1.772268	 1.772268
1303.465801	 283.161788	 16.088058	 8.146344	 1.772268	 1.772268
1311.612145	 284.934056	 16.189981	 8.146344	 1.772268	 1.772268
1319.758489	 286.706325	 16.291904	 8.146344	 1.772268	 1.772268
1327.904832	 288.478593	 16.393826	 8.146344	 1.772268	 1.772268
1336.051176	 290.250862	 16.495749	 8.146344	 1.772268	 1.772268
1344.197520	 292.023130	 16.597671	 8.146344	 1.772268	 1.772268
1352.343864	 293.795399	 16.699594	 8.146344	 1.772268	 1.772268
1360.490207	 295.567667	 16.801517	 8.146344	 1.772268	 1.772268
1368.636551	 297.339935	 16.903439	 8.146344	 1.772268	 1.772268
1376.782895	 299.112204	 17.005362	 8.146344	 1.772268	 1.772268
1384.929239	 300.884472	 17.107284	 8.146344	 1.772268	 1.772268
1393.075582	 302.656741	 17.209207	 8.146344	 1.772268	 1.772268
1401.221926	 304.429009	 17.311130	 8.146344	 1.772268	 1.772268
1409.368270	 306.201278	 17.413052	 8.146344	 1.772268	 1.772268
1417.514614	 307.973546	 17.514975	 8.146344	 1.772268	 1.772268
1425.660957	 309.745815	 17.616897	 8.146344	 1.772268	 1.772268
1433.807301	 311.518083	 17.718820	 8.146344	 1.772268	 1.772268
1441.953645	 313.290351	 17.820743	 8.146344	 1.772268	 1.772268
1450.099989	 315.062620	 17.922665	 8.146344	 1.772268	 1.772268
1458.246332	 316.834888	 18.024588	 8.146344	 1.772268	 1.772268
1466.392676	 318.607157	 18.126510	 8.146344	 1.772268	 1.772268
1474.539020	 320.379425	 18.228433	 8.146344	 1.772268	 1.772268
1482.685364	 322.151694	 18.330356	 8.146344	 1.772268	 1.772268
1490.831707	 323.923962	 18.432278	 8.146344	 1.772268	 1.772268
1498.978051	 325.696231	 18.534201	 8.146344	 1.772268	 1.772268
1507.124395	 327.468499	 18.636123	 8.146344	 1.772268	 1.772268
1515.270739	 329.240768	 18.738046	 8.146344	 1.772268	 1.772268
1523.417082	 331.013036	 18.839969	 8.146344	 1.772268	 1.772268
1531.563426	 332.785304	 18.941891	 8.146344	 1.772268	 1.772268
1539.709770	 334.557573	 19.043814	 8.146344	 1.772268	 1.772268
1547.856114	 336.329841	 19.145736	 8.146344	 1.772268	 1.772268
1556.002457	 338.102110	 19.247659	 8.146344	 1.772268	 1.772268
1564.148801	 339.874378	 19.349582	 8.146344	 1.772268	 1.772268
1572.295145	 341.646647	 19.451504	 8.146344	 1.772268	 1.772268
1580.441489	 343.418915	 19.553427	 8.146344	 1.772268	 1.772268
1588.587832	 345.191184	 19.655349	 8.146344	 1.772268	 1.772268
1596.734176	 346.963452	 19.757272	 8.146344	 1.772268	 1.772268
1604.880520	 348.735720	 19.859195	 8.146344	 1.772268	 1.772268
1613.026864	 350.507989	 19.961117	 8.146344	 1.772268	 1.772268
1621.173207	 352.280257	 20.063040	 8.146344	 1.772268	 1.772268
1629.319551	 354.052526	 20.164962	 8.146344	 1.772268	 1.772268
1637.465895	 355.824794	 20.266885	 8.146344	 1.772268	 1.772268
1645.612239	 357.597063	 20.368808	 8.146344	 1.772268	 1.772268
1653.758582	 359.369331	 20.470730	 8.146344	 1.772268	 1.772268
1661.904926	 361.141600	 20.572653	 8.146344	 1.772268	 1.772268
1670.051270	 362.913868	 20.674575	 8.146344	 1.772268	 1.772268
1678.197614	 364.686137	 20.776498	 8.146344	 1.772268	 1.772268
1686.343957	 366.458405	 20.878421	 8.146344	 1.772268	 1.772268
1694.490301	 368.230673	 20.980343	 8.146344	 1.772268	 1.772268
1702.636645	 370.002942	 21.082266	 8.146344	 1.772268	 1.772268
1710.782989	 371.775210	 21.184188	 8.146344	 1.772268	 1.772268
1718.929332	 373.547479	 21.286111	 8.146344	 1.772268	 1.772268
1727.075676	 375.319747	 21.388034	 8.146344	 1.772268	 1.772268
1735.222020	 377.092016	 21.489956	 8.146344	 1.772268	 1.772268
1743.368364	 378.864284	 21.591879	 8.146344	 1.772268	 1.772268
1751.514707	 380.636553	 21.693801	 8.146344	 1.772268	 1.772268
1759.661051	 382.408821	 21.795724	 8.146344	 1.772268	 1.772268
1767.807395	 384.181089	 21.897647	 8.146344	 1.772268	 1.772268
1775.953739	 385.953358	 21.999569	 8.146344	 1.772268	 1.772268
1784.100082	 387.725626	 22.101492	 8.146344	 1.772268	 1.772268
1792.246426	 389.497895	 22.203414	 8.146344	 1.772268	 1.772268
1800.392770	 391.270163	 22.305337	 8.146344	 1.772268	 1.772268
1808.539114	 393.042432	 22.407260	 8.146344	 1.772268	 1.772268
1816.685457	 394.814700	 22.509182	 8.146344	 1.772268	 1.772268
1824.831801	 396.586969	 22.611105	 8.146344	 1.772268	 1.772268
1832.978145	 398.359237	 22.713027	 8.146344	 1.772268	 1.772268
1841.124489	 400.131506	 22.814950	 8.146344	 1.772268	 1.772268
1849.270832	 401.903774	 22.916873	 8.146344	 1.772268	 1.772268
1857.417176	 403.676042	 23.018795	 8.146344	 1.772268	 1.772268
1865.563520	 405.448311	 23.120718	 8.146344	 1.772268	 1.772268
1873.709864	 407.220579	 23.222640	 8.146344	 1.772268	 1.772268
1881.856207	 408.992848	 23.324563	 8.146344	 1.772268	 1.772268
1890.002551	 410.765116	 23.426486	 8.146344	 1.772268	 1.772268
1898.148895	 412.537385	 23.528408	 8.146344	 1.772268	 1.772268
1906.295239	 414.309653	 23.630331	 8.146344	 1.772268	 1.772268
1914.441582	 416.081922	 23.732253	 8.146344	 1.772268	 1.772268
1922.587926	 417.854190	 23.834176	 8.146344	 1.772268	 1.772268
1930.734270	 419.626458	 23.936099	 8.146344	 1.772268	 1.772268
1938.880614	 421.398727	 24.038021	 8.146344	 1.772268	 1.772268
1947.026957	 423.170995	 24.139944	 8.146344	 1.772268	 1.772268
1955.173301	 424.943264	 24.241866	 8.146344	 1.772268	 1.772268
1963.319645	 426.715532	 24.343789	 8.146344	 1.772268	 1.772268
1971.465989	 428.487801	 24.445712	 8.146344	 1.772268	 1.772268
