21.253320	 -19.490230	 -8.506580	 0.802720	 0.760947	 0.760947
31324.186002	 -3912.402376	 -2381.780795	 98.630646	 -12.127585	 -12.127585
63870.865721	 -7914.327071	 -4830.662307	 98.623573	 -12.126706	 -12.126706
96416.211094	 -11916.086213	 -7279.442813	 98.621253	 -12.126418	 -12.126418
128961.016436	 -15917.778590	 -9728.182538	 98.620099	 -12.126276	 -12.126276
161505.527305	 -19919.434616	 -12176.900047	 98.619410	 -12.126191	 -12.126191
194049.852424	 -23921.067730	 -14625.603551	 98.618951	 -12.126134	 -12.126134
226594.049584	 -27922.685070	 -17074.297410	 98.618624	 -12.126094	 -12.126094
259138.153204	 -31924.290882	 -19522.984221	 98.618378	 -12.126064	 -12.126064
291682.185446	 -35925.887902	 -21971.665654	 98.618188	 -12.126040	 -12.126040
324226.161426	 -39927.477991	 -24420.342849	 98.618035	 -12.126021	 -12.126021
356770.091912	 -43929.062479	 -26869.016618	 98.617911	 -12.126006	 -12.126006
389313.984851	 -47930.642342	 -29317.687558	 98.617807	 -12.125993	 -12.125993
421857.846272	 -51932.218326	 -31766.356126	 98.617719	 -12.125983	 -12.125983
454401.680861	 -55933.791006	 -34215.022672	 98.617644	 -12.125973	 -12.125973
486945.492330	 -59935.360841	 -36663.687478	 98.617579	 -12.125965	 -12.125965
519489.283670	 -63936.928198	 -39112.350768	 98.617522	 -12.125958	 -12.125958
552033.057327	 -67938.493378	 -41561.012727	 98.617471	 -12.125952	 -12.125952
584576.815327	 -71940.056632	 -44009.673507	 98.617426	 -12.125947	 -12.125947
617120.559366	 -75941.618167	 -46458.333237	 98.617386	 -12.125942	 -12.125942
649664.290879	 -79943.178162	 -48906.992023	 98.617350	 -12.125937	 -12.125937
682208.011090	 -83944.736765	 -51355.649958	 98.617318	 -12.125933	 -12.125933
714751.721052	 -87946.294107	 -53804.307122	 98.617288	 -12.125930	 -12.125930
747295.421677	 -91947.850301	 -56252.963583	 98.617261	 -12.125926	 -12.125926
779839.113763	 -95949.405443	 -58701.619401	 98.617236	 -12.125923	 -12.125923
812382.798006	 -99950.959621	 -61150.274628	 98.617214	 -12.125920	 -12.125920
844926.475022	 -103952.512910	 -63598.929312	 98.617193	 -12.125918	 -12.125918
877470.145359	 -107954.065376	 -66047.583493	 98.617173	 -12.125915	 -12.125915
910013.809501	 -111955.617081	 -68496.237208	 98.617155	 -12.125913	 -12.125913
942557.467885	 -115957.168077	 -70944.890489	 98.617138	 -12.125911	 -12.125911
975101.120901	 -119958.718413	 -73393.543367	 98.617123	 -12.125909	 -12.125909
1007644.768902	 -123960.268132	 -75842.195866	 98.617108	 -12.125907	 -12.125907
1040188.412206	 -127961.817273	 -78290.848013	 98.617094	 -12.125906	 -12.125906
1072732.051103	 -131963.365872	 -80739.499827	 98.617081	 -12.125904	 -12.125904
1105275.685856	 -135964.913962	 -83188.151330	 98.617069	 -12.125903	 -12.125903
1137819.316705	 -139966.461571	 -85636.802539	 98.617057	 -12.125901	 -12.125901
1170362.943872	 -143968.008727	 -88085.453470	 98.617047	 -12.125900	 -12.125900
1202906.567556	 -147969.555454	 -90534.104140	 98.617036	 -12.125899	 -12.125899
1235450.187945	 -151971.101776	 -92982.754562	 98.617027	 -12.125897	 -12.125897
1267993.805210	 -155972.647714	 -95431.404748	 98.617017	 -12.125896	 -12.125896
1300537.419510	 -159974.193288	 -97880.054711	 98.617009	 -12.125895	 -12.125895
1333081.030989	 -163975.738514	 -100328.704463	 98.617000	 -12.125894	 -12.125894
1365624.639786	 -167977.283410	 -102777.354012	 98.616992	 -12.125893	 -12.125893
1398168.246025	 -171978.827992	 -105226.003368	 98.616985	 -12.125892	 -12.125892
1430711.849826	 -175980.372274	 -107674.652541	 98.616978	 -12.125891	 -12.125891
1463255.451296	 -179981.916269	 -110123.301539	 98.616971	 -12.125890	 -12.125890
1495799.050540	 -183983.459990	 -112571.950369	 98.616964	 -12.125890	 -12.125890
1528342.647652	 -187985.003449	 -115020.599039	 98.616958	 -12.125889	 -12.125889
1560886.242723	 -191986.546657	 -117469.247555	 98.616952	 -12.125888	 -12.125888
1593429.835836	 -195988.089625	 -119917.895924	 98.616946	 -12.125887	 -12.125887
1625973.427071	 -199989.632361	 -122366.544152	 98.616940	 -12.125887	 -12.125887
1658517.016503	 -203991.174875	 -124815.192243	 98.616935	 -12.125886	 -12.125886
1691060.604201	 -207992.717176	 -127263.840205	 98.616930	 -12.125885	 -12.125885
1723604.190231	 -211994.259273	 -129712.488040	 98.616925	 -12.125885	 -12.125885
1756147.774657	 -215995.801171	 -132161.135755	 98.616920	 -12.125884	 -12.125884
1788691.357536	 -219997.342880	 -134609.783354	 98.616916	 -12.125884	 -12.125884
1821234.938924	 -223998.884405	 -137058.430840	 98.616911	 -12.125883	 -12.125883
1853778.518875	 -228000.425753	 -139507.078219	 98.616907	 -12.125883	 -12.125883
1886322.097438	 -232001.966931	 -141955.725493	 98.616903	 -12.125882	 -12.125882
1918865.674661	 -236003.507944	 -144404.372665	 98.616899	 -12.125882	 -12.125882
1951409.250589	 -240005.048797	 -146853.019741	 98.616895	 -12.125881	 -12.125881
1983952.825265	 -244006.589497	 -149301.666722	 98.616891	 -12.125881	 -12.125881
2016496.398729	 -248008.130047	 -151750.313612	 98.616887	 -12.125880	 -12.125880
2049039.971020	 -252009.670454	 -154198.960414	 98.616884	 -12.125880	 -12.125880
2081583.542176	 -256011.210720	 -156647.607131	 98.616881	 -12.125879	 -12.125879
2114127.112231	 -260012.750851	 -159096.253764	 98.616877	 -12.125879	 -12.125879
2146670.681219	 -264014.290851	 -161544.900317	 98.616874	 -12.125879	 -12.125879
2179214.249172	 -268015.830724	 -163993.546793	 98.616871	 -12.125878	 -12.125878
2211757.816121	 -272017.370473	 -166442.193193	 98.616868	 -12.125878	 -12.125878
2244301.382095	 -276018.910103	 -168890.839519	 98.616865	 -12.125877	 -12.125877
2276844.947123	 -280020.449616	 -171339.485774	 98.616862	 -12.125877	 -12.125877
2309388.511230	 -284021.989015	 -173788.131960	 98.616860	 -12.125877	 -12.125877
2341932.074443	 -288023.528305	 -176236.778079	 98.616857	 -12.125876	 -12.125876
2374475.636787	 -292025.067488	 -178685.424132	 98.616854	 -12.125876	 -12.125876
2407019.198285	 -296026.606567	 -181134.070122	 98.616852	 -12.125876	 -12.125876
2439562.758960	 -300028.145544	 -183582.716049	 98.616849	 -12.125876	 -12.125876
2472106.318834	 -304029.684424	 -186031.361917	 98.616847	 -12.125875	 -12.125875
2504649.877927	 -308031.223207	 -188480.007725	 98.616845	 -12.125875	 -12.125875
2537193.436260	 -312032.761896	 -190928.653477	 98.616842	 -12.125875	 -12.125875
2569736.993853	 -316034.300495	 -193377.299173	 98.616840	 -12.125874	 -12.125874
2602280.550723	 -320035.839004	 -195825.944814	 98.616838	 -12.125874	 -12.125874
2634824.106889	 -324037.377427	 -198274.590402	 98.616836	 -12.125874	 -12.125874
2667367.662368	 -328038.915766	 -200723.235939	 98.616834	 -12.125874	 -12.125874
2699911.217176	 -332040.454022	 -203171.881425	 98.616832	 -12.125873	 -12.125873
2732454.771331	 -336041.992198	 -205620.526862	 98.616830	 -12.125873	 -12.125873
2764998.324847	 -340043.530295	 -208069.172251	 98.616828	 -12.125873	 -12.125873
2797541.877738	 -344045.068316	 -210517.817593	 98.616826	 -12.125873	 -12.125873
2830085.430021	 -348046.606261	 -212966.462889	 98.616824	 -12.125872	 -12.125872
2862628.981708	 -352048.144133	 -215415.108140	 98.616822	 -12.125872	 -12.125872
2895172.532814	 -356049.681934	 -217863.753348	 98.616821	 -12.125872	 -12.125872
2927716.083350	 -360051.219665	 -220312.398513	 98.616819	 -12.125872	 -12.125872
2960259.633330	 -364052.757327	 -222761.043636	 98.616817	 -12.125872	 -12.125872
2992803.182765	 -368054.294922	 -225209.688717	 98.616816	 -12.125871	 -12.125871
3025346.731669	 -372055.832452	 -227658.333759	 98.616814	 -12.125871	 -12.125871
3057890.280051	 -376057.369918	 -230106.978762	 98.616812	 -12.125871	 -12.125871
3090433.827923	 -380058.907321	 -232555.623726	 98.616811	 -12.125871	 -12.125871
3122977.375296	 -384060.444663	 -235004.268653	 98.616809	 -12.125871	 -12.125871
3155520.922180	 -388061.981945	 -237452.913543	 98.616808	 -12.125870	 -12.125870
3188064.468585	 -392063.519167	 -239901.558396	 98.616807	 -12.125870	 -12.125870
3220608.014520	 -396065.056332	 -242350.203215	 98.616805	 -12.125870	 -12.125870
3253151.559996	 -400066.593441	 -244798.847999	 98.616804	 -12.125870	 -12.125870
3285695.105022	 -404068.130494	 -247247.492749	 98.616802	 -12.125870	 -12.125870
3318238.649605	 -408069.667492	 -249696.137466	 98.616801	 -12.125870	 -12.125870
3350782.193755	 -412071.204438	 -252144.782150	 98.616800	 -12.125869	 -12.125869
3383325.737481	 -416072.741331	 -254593.426802	 98.616799	 -12.125869	 -12.125869
3415869.280790	 -420074.278173	 -257042.071423	 98.616797	 -12.125869	 -12.125869
3448412.823690	 -424075.814964	 -259490.716013	 98.616796	 -12.125869	 -12.125869
3480956.366190	 -428077.351707	 -261939.360573	 98.616795	 -12.125869	 -12.125869
3513499.908295	 -432078.888401	 -264388.005103	 98.616794	 -12.125869	 -12.125869
3546043.450015	 -436080.425047	 -266836.649605	 98.616793	 -12.125869	 -12.125869
3578586.991355	 -440081.961647	 -269285.294077	 98.616791	 -12.125868	 -12.125868
3611130.532322	 -444083.498201	 -271733.938522	 98.616790	 -12.125868	 -12.125868
3643674.072924	 -448085.034710	 -274182.582939	 98.616789	 -12.125868	 -12.125868
3676217.613167	 -452086.571175	 -276631.227329	 98.616788	 -12.125868	 -12.125868
3708761.153057	 -456088.107596	 -279079.871693	 98.616787	 -12.125868	 -12.125868
3741304.692600	 -460089.643975	 -281528.516030	 98.616786	 -12.125868	 -12.125868
3773848.231802	 -464091.180312	 -283977.160342	 98.616785	 -12.125868	 -12.125868
3806391.770670	 -468092.716608	 -286425.804629	 98.616784	 -12.125868	 -12.125868
3838935.309208	 -472094.252863	 -288874.448891	 98.616783	 -12.125867	 -12.125867
3871478.847423	 -476095.789078	 -291323.093128	 98.616782	 -12.125867	 -12.125867
3904022.385319	 -480097.325255	 -293771.737342	 98.616781	 -12.125867	 -12.125867
3936565.922903	 -484098.861393	 -296220.381532	 98.616780	 -12.125867	 -12.125867
3969109.460179	 -488100.397493	 -298669.025699	 98.616779	 -12.125867	 -12.125867
4001652.997152	 -492101.933555	 -301117.669843	 98.616778	 -12.125867	 -12.125867
4034196.533827	 -496103.469582	 -303566.313964	 98.616777	 -12.125867	 -12.125867
4066740.070210	 -500105.005572	 -306014.958064	 98.616776	 -12.125867	 -12.125867
4099283.606304	 -504106.541526	 -308463.602142	 98.616776	 -12.125866	 -12.125866
4131827.142114	 -508108.077446	 -310912.246199	 98.616775	 -12.125866	 -12.125866
4164370.677644	 -512109.613331	 -313360.890234	 98.616774	 -12.125866	 -12.125866
4196914.212900	 -516111.149183	 -315809.534249	 98.616773	 -12.125866	 -12.125866
4229457.747885	 -520112.685001	 -318258.178244	 98.616772	 -12.125866	 -12.125866
4262001.282603	 -524114.220787	 -320706.822218	 98.616771	 -12.125866	 -12.125866
4294544.817059	 -528115.756540	 -323155.466173	 98.616771	 -12.125866	 -12.125866
4327088.351256	 -532117.292261	 -325604.110108	 98.616770	 -12.125866	 -12.125866
4359631.885199	 -536118.827951	 -328052.754024	 98.616769	 -12.125866	 -12.125866
4392175.418890	 -540120.363611	 -330501.397921	 98.616768	 -12.125866	 -12.125866
4424718.952335	 -544121.899240	 -332950.041800	 98.616768	 -12.125865	 -12.125865
4457262.485535	 -548123.434838	 -335398.685660	 98.616767	 -12.125865	 -12.125865
4489806.018496	 -552124.970408	 -337847.329502	 98.616766	 -12.125865	 -12.125865
4522349.551220	 -556126.505948	 -340295.973326	 98.616765	 -12.125865	 -12.125865
4554893.083711	 -560128.041460	 -342744.617133	 98.616765	 -12.125865	 -12.125865
4587436.615972	 -564129.576943	 -345193.260923	 98.616764	 -12.125865	 -12.125865
4619980.148006	 -568131.112398	 -347641.904695	 98.616763	 -12.125865	 -12.125865
4652523.679817	 -572132.647826	 -350090.548451	 98.616763	 -12.125865	 -12.125865
4685067.211408	 -576134.183227	 -352539.192190	 98.616762	 -12.125865	 -12.125865
4717610.742781	 -580135.718601	 -354987.835913	 98.616761	 -12.125865	 -12.125865
4750154.273940	 -584137.253949	 -357436.479619	 98.616761	 -12.125865	 -12.125865
4782697.804888	 -588138.789271	 -359885.123310	 98.616760	 -12.125865	 -12.125865
4815241.335627	 -592140.324567	 -362333.766985	 98.616760	 -12.125864	 -12.125864
4847784.866161	 -596141.859838	 -364782.410644	 98.616759	 -12.125864	 -12.125864
4880328.396491	 -600143.395084	 -367231.054289	 98.616758	 -12.125864	 -12.125864
4912871.926621	 -604144.930305	 -369679.697918	 98.616758	 -12.125864	 -12.125864
4945415.456554	 -608146.465502	 -372128.341532	 98.616757	 -12.125864	 -12.125864
4977958.986292	 -612148.000675	 -374576.985132	 98.616756	 -12.125864	 -12.125864
5010502.515837	 -616149.535824	 -377025.628717	 98.616756	 -12.125864	 -12.125864
5043046.045192	 -620151.070950	 -379474.272288	 98.616755	 -12.125864	 -12.125864
5075589.574360	 -624152.606053	 -381922.915845	 98.616755	 -12.125864	 -12.125864
5108133.103342	 -628154.141133	 -384371.559387	 98.616754	 -12.125864	 -12.125864
5140676.632142	 -632155.676191	 -386820.202916	 98.616754	 -12.125864	 -12.125864
5173220.160762	 -636157.211227	 -389268.846432	 98.616753	 -12.125864	 -12.125864
5205763.689203	 -640158.746240	 -391717.489934	 98.616753	 -12.125864	 -12.125864
5238307.217468	 -644160.281232	 -394166.133423	 98.616752	 -12.125864	 -12.125864
5270850.745559	 -648161.816203	 -396614.776899	 98.616752	 -12.125864	 -12.125864
5303394.273479	 -652163.351152	 -399063.420361	 98.616751	 -12.125863	 -12.125863
5335937.801229	 -656164.886081	 -401512.063812	 98.616751	 -12.125863	 -12.125863
5368481.328811	 -660166.420989	 -403960.707249	 98.616750	 -12.125863	 -12.125863
5401024.856228	 -664167.955876	 -406409.350674	 98.616749	 -12.125863	 -12.125863
5433568.383482	 -668169.490744	 -408857.994087	 98.616749	 -12.125863	 -12.125863
5466111.910574	 -672171.025591	 -411306.637487	 98.616749	 -12.125863	 -12.125863
5498655.437506	 -676172.560419	 -413755.280876	 98.616748	 -12.125863	 -12.125863
5531198.964281	 -680174.095228	 -416203.924253	 98.616748	 -12.125863	 -12.125863
5563742.490900	 -684175.630018	 -418652.567618	 98.616747	 -12.125863	 -12.125863
5596286.017364	 -688177.164788	 -421101.210971	 98.616747	 -12.125863	 -12.125863
5628829.543677	 -692178.699540	 -423549.854313	 98.616746	 -12.125863	 -12.125863
5661373.069839	 -696180.234273	 -425998.497643	 98.616746	 -12.125863	 -12.125863
5693916.595852	 -700181.768988	 -428447.140963	 98.616745	 -12.125863	 -12.125863
5726460.121718	 -704183.303685	 -430895.784271	 98.616745	 -12.125863	 -12.125863
5759003.647438	 -708184.838364	 -433344.427568	 98.616744	 -12.125863	 -12.125863
5791547.173015	 -712186.373025	 -435793.070855	 98.616744	 -12.125863	 -12.125863
5824090.698449	 -716187.907669	 -438241.714131	 98.616744	 -12.125863	 -12.125863
5856634.223743	 -720189.442296	 -440690.357396	 98.616743	 -12.125862	 -12.125862
5889177.748898	 -724190.976905	 -443139.000651	 98.616743	 -12.125862	 -12.125862
5921721.273916	 -728192.511498	 -445587.643895	 98.616742	 -12.125862	 -12.125862
5954264.798797	 -732194.046074	 -448036.287130	 98.616742	 -12.125862	 -12.125862
5986808.323544	 -736195.580633	 -450484.930354	 98.616741	 -12.125862	 -12.125862
6019351.848157	 -740197.115176	 -452933.573568	 98.616741	 -12.125862	 -12.125862
6051895.372639	 -744198.649703	 -455382.216772	 98.616741	 -12.125862	 -12.125862
6084438.896991	 -748200.184213	 -457830.859966	 98.616740	 -12.125862	 -12.125862
6116982.421214	 -752201.718708	 -460279.503151	 98.616740	 -12.125862	 -12.125862
6149525.945310	 -756203.253187	 -462728.146326	 98.616739	 -12.125862	 -12.125862
6182069.469279	 -760204.787651	 -465176.789492	 98.616739	 -12.125862	 -12.125862
6214612.993124	 -764206.322099	 -467625.432648	 98.616739	 -12.125862	 -12.125862
6247156.516845	 -768207.856532	 -470074.075795	 98.616738	 -12.125862	 -12.125862
6279700.040444	 -772209.390951	 -472522.718933	 98.616738	 -12.125862	 -12.125862
6312243.563922	 -776210.925354	 -474971.362061	 98.616738	 -12.125862	 -12.125862
6344787.087281	 -780212.459742	 -477420.005181	 98.616737	 -12.125862	 -12.125862
6377330.610520	 -784213.994116	 -479868.648292	 98.616737	 -12.125862	 -12.125862
6409874.133643	 -788215.528476	 -482317.291393	 98.616737	 -12.125862	 -12.125862
6442417.656650	 -792217.062821	 -484765.934487	 98.616736	 -12.125862	 -12.125862
6474961.179541	 -796218.597152	 -487214.577571	 98.616736	 -12.125862	 -12.125862
6507504.702319	 -800220.131469	 -489663.220647	 98.616736	 -12.125862	 -12.125862
6540048.224984	 -804221.665773	 -492111.863714	 98.616735	 -12.125862	 -12.125862
6572591.747538	 -808223.200062	 -494560.506774	 98.616735	 -12.125861	 -12.125861
6605135.269981	 -812224.734338	 -497009.149824	 98.616735	 -12.125861	 -12.125861
6637678.792315	 -816226.268601	 -499457.792867	 98.616734	 -12.125861	 -12.125861
6670222.314541	 -820227.802850	 -501906.435901	 98.616734	 -12.125861	 -12.125861
6702765.836659	 -824229.337086	 -504355.078928	 98.616734	 -12.125861	 -12.125861
6735309.358672	 -828230.871309	 -506803.721946	 98.616733	 -12.125861	 -12.125861
6767852.880579	 -832232.405519	 -509252.364956	 98.616733	 -12.125861	 -12.125861
6800396.402382	 -836233.939717	 -511701.007959	 98.616733	 -12.125861	 -12.125861
6832939.924082	 -840235.473901	 -514149.650954	 98.616732	 -12.125861	 -12.125861
6865483.445680	 -844237.008073	 -516598.293941	 98.616732	 -12.125861	 -12.125861
6898026.967176	 -848238.542233	 -519046.936920	 98.616732	 -12.125861	 -12.125861
6930570.488572	 -852240.076380	 -521495.579892	 98.616731	 -12.125861	 -12.125861
6963114.009870	 -856241.610515	 -523944.222857	 98.616731	 -12.125861	 -12.125861
6995657.531068	 -860243.144638	 -526392.865814	 98.616731	 -12.125861	 -12.125861
7028201.052169	 -864244.678749	 -528841.508764	 98.616730	 -12.125861	 -12.125861
7060744.573174	 -868246.212848	 -531290.151706	 98.616730	 -12.125861	 -12.125861
7093288.094083	 -872247.746936	 -533738.794642	 98.616730	 -12.125861	 -12.125861
7125831.614897	 -876249.281011	 -536187.437570	 98.616730	 -12.125861	 -12.125861
7158375.135618	 -880250.815075	 -538636.080491	 98.616729	 -12.125861	 -12.125861
7190918.656245	 -884252.349128	 -541084.723405	 98.616729	 -12.125861	 -12.125861
7223462.176780	 -888253.883169	 -543533.366312	 98.616729	 -12.125861	 -12.125861
7256005.697223	 -892255.417200	 -545982.009213	 98.616728	 -12.125861	 -12.125861
7288549.217576	 -896256.951219	 -548430.652106	 98.616728	 -12.125861	 -12.125861
7321092.737840	 -900258.485226	 -550879.294993	 98.616728	 -12.125861	 -12.125861
7353636.258014	 -904260.019223	 -553327.937873	 98.616728	 -12.125861	 -12.125861
7386179.778100	 -908261.553210	 -555776.580746	 98.616727	 -12.125861	 -12.125861
7418723.298098	 -912263.087185	 -558225.223613	 98.616727	 -12.125861	 -12.125861
7451266.818010	 -916264.621150	 -560673.866473	 98.616727	 -12.125860	 -12.125860
7483810.337836	 -920266.155104	 -563122.509327	 98.616727	 -12.125860	 -12.125860
7516353.857577	 -924267.689048	 -565571.152175	 98.616726	 -12.125860	 -12.125860
7548897.377234	 -928269.222981	 -568019.795016	 98.616726	 -12.125860	 -12.125860
7581440.896806	 -932270.756904	 -570468.437850	 98.616726	 -12.125860	 -12.125860
7613984.416296	 -936272.290817	 -572917.080679	 98.616726	 -12.125860	 -12.125860
7646527.935704	 -940273.824719	 -575365.723501	 98.616725	 -12.125860	 -12.125860
7679071.455030	 -944275.358612	 -577814.366317	 98.616725	 -12.125860	 -12.125860
7711614.974275	 -948276.892495	 -580263.009128	 98.616725	 -12.125860	 -12.125860
7744158.493439	 -952278.426368	 -582711.651932	 98.616725	 -12.125860	 -12.125860
7776702.012525	 -956279.960231	 -585160.294730	 98.616724	 -12.125860	 -12.125860
7809245.531531	 -960281.494084	 -587608.937522	 98.616724	 -12.125860	 -12.125860
7841789.050459	 -964283.027928	 -590057.580308	 98.616724	 -12.125860	 -12.125860
7874332.569310	 -968284.561762	 -592506.223089	 98.616724	 -12.125860	 -12.125860
7906876.088084	 -972286.095587	 -594954.865863	 98.616723	 -12.125860	 -12.125860
7939419.606781	 -976287.629402	 -597403.508632	 98.616723	 -12.125860	 -12.125860
7971963.125403	 -980289.163209	 -599852.151395	 98.616723	 -12.125860	 -12.125860
8004506.643950	 -984290.697005	 -602300.794153	 98.616723	 -12.125860	 -12.125860
8037050.162422	 -988292.230793	 -604749.436905	 98.616723	 -12.125860	 -12.125860
8069593.680821	 -992293.764572	 -607198.079651	 98.616722	 -12.125860	 -12.125860
8102137.199146	 -996295.298341	 -609646.722392	 98.616722	 -12.125860	 -12.125860
8134680.717398	 -1000296.832102	 -612095.365128	 98.616722	 -12.125860	 -12.125860
8167224.235579	 -1004298.365854	 -614544.007858	 98.616722	 -12.125860	 -12.125860
8199767.753688	 -1008299.899597	 -616992.650582	 98.616721	 -12.125860	 -12.125860
8232311.271726	 -1012301.433331	 -619441.293302	 98.616721	 -12.125860	 -12.125860
8264854.789693	 -1016302.967057	 -621889.936016	 98.616721	 -12.125860	 -12.125860
8297398.307591	 -1020304.500774	 -624338.578724	 98.616721	 -12.125860	 -12.125860
8329941.825420	 -1024306.034482	 -626787.221428	 98.616721	 -12.125860	 -12.125860
8362485.343180	 -1028307.568183	 -629235.864126	 98.616720	 -12.125860	 -12.125860
8395028.860871	 -1032309.101874	 -631684.506819	 98.616720	 -12.125860	 -12.125860
8427572.378495	 -1036310.635558	 -634133.149508	 98.616720	 -12.125860	 -12.125860
8460115.896052	 -1040312.169233	 -636581.792191	 98.616720	 -12.125860	 -12.125860
8492659.413542	 -1044313.702900	 -639030.434869	 98.616720	 -12.125860	 -12.125860
8525202.930966	 -1048315.236559	 -641479.077542	 98.616719	 -12.125860	 -12.125860
8557746.448325	 -1052316.770209	 -643927.720210	 98.616719	 -12.125860	 -12.125860
8590289.965618	 -1056318.303852	 -646376.362873	 98.616719	 -12.125860	 -12.125860
8622833.482847	 -1060319.837487	 -648825.005532	 98.616719	 -12.125859	 -12.125859
8655377.000011	 -1064321.371114	 -651273.648185	 98.616719	 -12.125859	 -12.125859
8687920.517112	 -1068322.904733	 -653722.290834	 98.616718	 -12.125859	 -12.125859
8720464.034149	 -1072324.438344	 -656170.933478	 98.616718	 -12.125859	 -12.125859
8753007.551124	 -1076325.971948	 -658619.576117	 98.616718	 -12.125859	 -12.125859
8785551.068037	 -1080327.505544	 -661068.218752	 98.616718	 -12.125859	 -12.125859
8818094.584888	 -1084329.039132	 -663516.861382	 98.616718	 -12.125859	 -12.125859
8850638.101677	 -1088330.572713	 -665965.504007	 98.616717	 -12.125859	 -12.125859
8883181.618406	 -1092332.106286	 -668414.146628	 98.616717	 -12.125859	 -12.125859
8915725.135074	 -1096333.639852	 -670862.789244	 98.616717	 -12.125859	 -12.125859
8948268.651682	 -1100335.173410	 -673311.431856	 98.616717	 -12.125859	 -12.125859
8980812.168231	 -1104336.706961	 -675760.074463	 98.616717	 -12.125859	 -12.125859
9013355.684721	 -1108338.240505	 -678208.717066	 98.616717	 -12.125859	 -12.125859
9045899.201151	 -1112339.774042	 -680657.359664	 98.616716	 -12.125859	 -12.125859
9078442.717524	 -1116341.307572	 -683106.002258	 98.616716	 -12.125859	 -12.125859
9110986.233838	 -1120342.841094	 -685554.644848	 98.616716	 -12.125859	 -12.125859
9143529.750096	 -1124344.374609	 -688003.287433	 98.616716	 -12.125859	 -12.125859
9176073.266296	 -1128345.908118	 -690451.930014	 98.616716	 -12.125859	 -12.125859
9208616.782439	 -1132347.441619	 -692900.572591	 98.616716	 -12.125859	 -12.125859
9241160.298526	 -1136348.975113	 -695349.215163	 98.616715	 -12.125859	 -12.125859
9273703.814558	 -1140350.508601	 -697797.857732	 98.616715	 -12.125859	 -12.125859
9306247.330534	 -1144352.042082	 -700246.500296	 98.616715	 -12.125859	 -12.125859
9338790.846455	 -1148353.575556	 -702695.142856	 98.616715	 -12.125859	 -12.125859
9371334.362321	 -1152355.109023	 -705143.785412	 98.616715	 -12.125859	 -12.125859
9403877.878133	 -1156356.642483	 -707592.427963	 98.616714	 -12.125859	 -12.125859
9436421.393890	 -1160358.175937	 -710041.070511	 98.616714	 -12.125859	 -12.125859
9468964.909595	 -1164359.709385	 -712489.713055	 98.616714	 -12.125859	 -12.125859
9501508.425246	 -1168361.242825	 -714938.355595	 98.616714	 -12.125859	 -12.125859
9534051.940844	 -1172362.776260	 -717386.998130	 98.616714	 -12.125859	 -12.125859
9566595.456390	 -1176364.309688	 -719835.640662	 98.616714	 -12.125859	 -12.125859
9599138.971884	 -1180365.843109	 -722284.283190	 98.616714	 -12.125859	 -12.125859
9631682.487326	 -1184367.376524	 -724732.925714	 98.616713	 -12.125859	 -12.125859
9664226.002716	 -1188368.909933	 -727181.568234	 98.616713	 -12.125859	 -12.125859
9696769.518056	 -1192370.443335	 -729630.210750	 98.616713	 -12.125859	 -12.125859
9729313.033345	 -1196371.976732	 -732078.853263	 98.616713	 -12.125859	 -12.125859
9761856.548583	 -1200373.510122	 -734527.495771	 98.616713	 -12.125859	 -12.125859
9794400.063771	 -1204375.043505	 -736976.138276	 98.616713	 -12.125859	 -12.125859
9826943.578910	 -1208376.576883	 -739424.780777	 98.616712	 -12.125859	 -12.125859
9859487.093999	 -1212378.110255	 -741873.423275	 98.616712	 -12.125859	 -12.125859
9892030.609039	 -1216379.643621	 -744322.065768	 98.616712	 -12.125859	 -12.125859
9924574.124031	 -1220381.176980	 -746770.708258	 98.616712	 -12.125859	 -12.125859
9957117.638974	 -1224382.710334	 -749219.350745	 98.616712	 -12.125859	 -12.125859
9989661.153868	 -1228384.243682	 -751667.993228	 98.616712	 -12.125859	 -12.125859
10022204.668716	 -1232385.777024	 -754116.635707	 98.616712	 -12.125859	 -12.125859
10054748.183515	 -1236387.310360	 -756565.278182	 98.616711	 -12.125859	 -12.125859
10087291.698268	 -1240388.843690	 -759013.920654	 98.616711	 -12.125859	 -12.125859
10119835.212973	 -1244390.377015	 -761462.563123	 98.616711	 -12.125859	 -12.125859
10152378.727632	 -1248391.910333	 -763911.205588	 98.616711	 -12.125859	 -12.125859
10184922.242245	 -1252393.443647	 -766359.848050	 98.616711	 -12.125859	 -12.125859
10217465.756811	 -1256394.976954	 -768808.490508	 98.616711	 -12.125858	 -12.125858
10250009.271332	 -1260396.510256	 -771257.132962	 98.616711	 -12.125858	 -12.125858
10282552.785808	 -1264398.043552	 -773705.775413	 98.616710	 -12.125858	 -12.125858
10315096.300239	 -1268399.576843	 -776154.417861	 98.616710	 -12.125858	 -12.125858
10347639.814624	 -1272401.110128	 -778603.060306	 98.616710	 -12.125858	 -12.125858
10380183.328965	 -1276402.643408	 -781051.702747	 98.616710	 -12.125858	 -12.125858
10412726.843262	 -1280404.176682	 -783500.345185	 98.616710	 -12.125858	 -12.125858
10445270.357515	 -1284405.709951	 -785948.987619	 98.616710	 -12.125858	 -12.125858
10477813.871724	 -1288407.243214	 -788397.630050	 98.616710	 -12.125858	 -12.125858
10510357.385890	 -1292408.776472	 -790846.272478	 98.616710	 -12.125858	 -12.125858
10542900.900013	 -1296410.309725	 -793294.914903	 98.616709	 -12.125858	 -12.125858
10575444.414092	 -1300411.842973	 -795743.557324	 98.616709	 -12.125858	 -12.125858
10607987.928129	 -1304413.376215	 -798192.199743	 98.616709	 -12.125858	 -12.125858
10640531.442124	 -1308414.909452	 -800640.842158	 98.616709	 -12.125858	 -12.125858
10673074.956076	 -1312416.442684	 -803089.484570	 98.616709	 -12.125858	 -12.125858
10705618.469987	 -1316417.975911	 -805538.126978	 98.616709	 -12.125858	 -12.125858
10738161.983856	 -1320419.509133	 -807986.769384	 98.616709	 -12.125858	 -12.125858
10770705.497683	 -1324421.042349	 -810435.411786	 98.616709	 -12.125858	 -12.125858
10803249.011470	 -1328422.575561	 -812884.054186	 98.616708	 -12.125858	 -12.125858
10835792.525216	 -1332424.108767	 -815332.696582	 98.616708	 -12.125858	 -12.125858
10868336.038921	 -1336425.641969	 -817781.338975	 98.616708	 -12.125858	 -12.125858
10900879.552585	 -1340427.175165	 -820229.981366	 98.616708	 -12.125858	 -12.125858
10933423.066210	 -1344428.708357	 -822678.623753	 98.616708	 -12.125858	 -12.125858
10965966.579794	 -1348430.241544	 -825127.266137	 98.616708	 -12.125858	 -12.125858
10998510.093339	 -1352431.774725	 -827575.908518	 98.616708	 -12.125858	 -12.125858
11031053.606845	 -1356433.307902	 -830024.550896	 98.616708	 -12.125858	 -12.125858
11063597.120311	 -1360434.841074	 -832473.193272	 98.616707	 -12.125858	 -12.125858
11096140.633738	 -1364436.374242	 -834921.835644	 98.616707	 -12.125858	 -12.125858
11128684.147127	 -1368437.907404	 -837370.478013	 98.616707	 -12.125858	 -12.125858
11161227.660477	 -1372439.440562	 -839819.120380	 98.616707	 -12.125858	 -12.125858
11193771.173789	 -1376440.973715	 -842267.762744	 98.616707	 -12.125858	 -12.125858
11226314.687063	 -1380442.506864	 -844716.405104	 98.616707	 -12.125858	 -12.125858
11258858.200298	 -1384444.040008	 -847165.047462	 98.616707	 -12.125858	 -12.125858
11291401.713497	 -1388445.573147	 -849613.689818	 98.616707	 -12.125858	 -12.125858
11323945.226658	 -1392447.106281	 -852062.332170	 98.616706	 -12.125858	 -12.125858
11356488.739781	 -1396448.639411	 -854510.974519	 98.616706	 -12.125858	 -12.125858
11389032.252868	 -1400450.172537	 -856959.616866	 98.616706	 -12.125858	 -12.125858
11421575.765918	 -1404451.705658	 -859408.259210	 98.616706	 -12.125858	 -12.125858
11454119.278931	 -1408453.238774	 -861856.901551	 98.616706	 -12.125858	 -12.125858
11486662.791908	 -1412454.771886	 -864305.543890	 98.616706	 -12.125858	 -12.125858
11519206.304849	 -1416456.304994	 -866754.186226	 98.616706	 -12.125858	 -12.125858
11551749.817754	 -1420457.838097	 -869202.828559	 98.616706	 -12.125858	 -12.125858
11584293.330623	 -1424459.371196	 -871651.470889	 98.616706	 -12.125858	 -12.125858
11616836.843457	 -1428460.904290	 -874100.113217	 98.616706	 -12.125858	 -12.125858
11649380.356255	 -1432462.437380	 -876548.755542	 98.616705	 -12.125858	 -12.125858
11681923.869018	 -1436463.970466	 -878997.397864	 98.616705	 -12.125858	 -12.125858
11714467.381746	 -1440465.503547	 -881446.040184	 98.616705	 -12.125858	 -12.125858
11747010.894439	 -1444467.036624	 -883894.682501	 98.616705	 -12.125858	 -12.125858
11779554.407098	 -1448468.569697	 -886343.324815	 98.616705	 -12.125858	 -12.125858
11812097.919723	 -1452470.102766	 -888791.967127	 98.616705	 -12.125858	 -12.125858
11844641.432313	 -1456471.635830	 -891240.609437	 98.616705	 -12.125858	 -12.125858
11877184.944869	 -1460473.168890	 -893689.251744	 98.616705	 -12.125858	 -12.125858
11909728.457392	 -1464474.701946	 -896137.894048	 98.616705	 -12.125858	 -12.125858
11942271.969881	 -1468476.234998	 -898586.536350	 98.616704	 -12.125858	 -12.125858
11974815.482336	 -1472477.768046	 -901035.178649	 98.616704	 -12.125858	 -12.125858
12007358.994758	 -1476479.301090	 -903483.820946	 98.616704	 -12.125858	 -12.125858
12039902.507147	 -1480480.834129	 -905932.463240	 98.616704	 -12.125858	 -12.125858
12072446.019503	 -1484482.367165	 -908381.105532	 98.616704	 -12.125858	 -12.125858
12104989.531827	 -1488483.900197	 -910829.747821	 98.616704	 -12.125858	 -12.125858
12137533.044118	 -1492485.433224	 -913278.390108	 98.616704	 -12.125858	 -12.125858
12170076.556376	 -1496486.966248	 -915727.032392	 98.616704	 -12.125858	 -12.125858
12202620.068602	 -1500488.499268	 -918175.674674	 98.616704	 -12.125858	 -12.125858
12235163.580797	 -1504490.032283	 -920624.316954	 98.616704	 -12.125858	 -12.125858
12267707.092959	 -1508491.565295	 -923072.959231	 98.616703	 -12.125858	 -12.125858
12300250.605090	 -1512493.098303	 -925521.601506	 98.616703	 -12.125858	 -12.125858
12332794.117189	 -1516494.631307	 -927970.243778	 98.616703	 -12.125858	 -12.125858
12365337.629257	 -1520496.164307	 -930418.886048	 98.616703	 -12.125858	 -12.125858
12397881.141293	 -1524497.697304	 -932867.528316	 98.616703	 -12.125858	 -12.125858
12430424.653299	 -1528499.230296	 -935316.170581	 98.616703	 -12.125858	 -12.125858
12462968.165274	 -1532500.763285	 -937764.812844	 98.616703	 -12.125858	 -12.125858
12495511.677218	 -1536502.296270	 -940213.455105	 98.616703	 -12.125858	 -12.125858
12528055.189131	 -1540503.829251	 -942662.097364	 98.616703	 -12.125858	 -12.125858
12560598.701014	 -1544505.362228	 -945110.739620	 98.616703	 -12.125858	 -12.125858
12593142.212867	 -1548506.895202	 -947559.381874	 98.616703	 -12.125857	 -12.125857
12625685.724690	 -1552508.428172	 -950008.024125	 98.616702	 -12.125857	 -12.125857
12658229.236483	 -1556509.961139	 -952456.666375	 98.616702	 -12.125857	 -12.125857
12690772.748246	 -1560511.494101	 -954905.308622	 98.616702	 -12.125857	 -12.125857
12723316.259979	 -1564513.027060	 -957353.950867	 98.616702	 -12.125857	 -12.125857
12755859.771683	 -1568514.560016	 -959802.593109	 98.616702	 -12.125857	 -12.125857
12788403.283358	 -1572516.092968	 -962251.235350	 98.616702	 -12.125857	 -12.125857
12820946.795004	 -1576517.625916	 -964699.877588	 98.616702	 -12.125857	 -12.125857
12853490.306620	 -1580519.158861	 -967148.519824	 98.616702	 -12.125857	 -12.125857
12886033.818208	 -1584520.691802	 -969597.162058	 98.616702	 -12.125857	 -12.125857
12918577.329767	 -1588522.224739	 -972045.804290	 98.616702	 -12.125857	 -12.125857
12951120.841297	 -1592523.757673	 -974494.446520	 98.616702	 -12.125857	 -12.125857
12983664.352799	 -1596525.290604	 -976943.088747	 98.616701	 -12.125857	 -12.125857
13016207.864272	 -1600526.823531	 -979391.730972	 98.616701	 -12.125857	 -12.125857
13048751.375718	 -1604528.356455	 -981840.373196	 98.616701	 -12.125857	 -12.125857
13081294.887135	 -1608529.889375	 -984289.015417	 98.616701	 -12.125857	 -12.125857
13113838.398525	 -1612531.422292	 -986737.657636	 98.616701	 -12.125857	 -12.125857
13146381.909887	 -1616532.955205	 -989186.299853	 98.616701	 -12.125857	 -12.125857
13178925.421221	 -1620534.488115	 -991634.942068	 98.616701	 -12.125857	 -12.125857
13211468.932528	 -1624536.021022	 -994083.584280	 98.616701	 -12.125857	 -12.125857
13244012.443807	 -1628537.553925	 -996532.226491	 98.616701	 -12.125857	 -12.125857
13276555.955059	 -1632539.086825	 -998980.868700	 98.616701	 -12.125857	 -12.125857
13309099.466285	 -1636540.619721	 -1001429.510906	 98.616701	 -12.125857	 -12.125857
13341642.977483	 -1640542.152615	 -1003878.153111	 98.616701	 -12.125857	 -12.125857
13374186.488654	 -1644543.685505	 -1006326.795314	 98.616700	 -12.125857	 -12.125857
13406729.999799	 -1648545.218391	 -1008775.437514	 98.616700	 -12.125857	 -12.125857
13439273.510917	 -1652546.751275	 -1011224.079713	 98.616700	 -12.125857	 -12.125857
13471817.022009	 -1656548.284155	 -1013672.721910	 98.616700	 -12.125857	 -12.125857
13504360.533075	 -1660549.817032	 -1016121.364104	 98.616700	 -12.125857	 -12.125857
13536904.044114	 -1664551.349906	 -1018570.006297	 98.616700	 -12.125857	 -12.125857
13569447.555128	 -1668552.882776	 -1021018.648488	 98.616700	 -12.125857	 -12.125857
13601991.066115	 -1672554.415643	 -1023467.290676	 98.616700	 -12.125857	 -12.125857
13634534.577077	 -1676555.948508	 -1025915.932863	 98.616700	 -12.125857	 -12.125857
13667078.088013	 -1680557.481369	 -1028364.575048	 98.616700	 -12.125857	 -12.125857
13699621.598923	 -1684559.014226	 -1030813.217231	 98.616700	 -12.125857	 -12.125857
13732165.109809	 -1688560.547081	 -1033261.859412	 98.616700	 -12.125857	 -12.125857
13764708.620668	 -1692562.079933	 -1035710.501591	 98.616700	 -12.125857	 -12.125857
13797252.131503	 -1696563.612781	 -1038159.143769	 98.616699	 -12.125857	 -12.125857
13829795.642313	 -1700565.145627	 -1040607.785944	 98.616699	 -12.125857	 -12.125857
13862339.153097	 -1704566.678469	 -1043056.428118	 98.616699	 -12.125857	 -12.125857
13894882.663857	 -1708568.211309	 -1045505.070289	 98.616699	 -12.125857	 -12.125857
13927426.174592	 -1712569.744145	 -1047953.712459	 98.616699	 -12.125857	 -12.125857
13959969.685303	 -1716571.276978	 -1050402.354627	 98.616699	 -12.125857	 -12.125857
13992513.195989	 -1720572.809808	 -1052850.996793	 98.616699	 -12.125857	 -12.125857
14025056.706650	 -1724574.342636	 -1055299.638957	 98.616699	 -12.125857	 -12.125857
14057600.217288	 -1728575.875460	 -1057748.281120	 98.616699	 -12.125857	 -12.125857
14090143.727901	 -1732577.408281	 -1060196.923280	 98.616699	 -12.125857	 -12.125857
14122687.238490	 -1736578.941100	 -1062645.565439	 98.616699	 -12.125857	 -12.125857
14155230.749056	 -1740580.473915	 -1065094.207596	 98.616699	 -12.125857	 -12.125857
14187774.259597	 -1744582.006728	 -1067542.849751	 98.616699	 -12.125857	 -12.125857
14220317.770115	 -1748583.539537	 -1069991.491905	 98.616699	 -12.125857	 -12.125857
14252861.280609	 -1752585.072344	 -1072440.134057	 98.616698	 -12.125857	 -12.125857
14285404.791080	 -1756586.605148	 -1074888.776206	 98.616698	 -12.125857	 -12.125857
14317948.301528	 -1760588.137949	 -1077337.418355	 98.616698	 -12.125857	 -12.125857
14350491.811952	 -1764589.670747	 -1079786.060501	 98.616698	 -12.125857	 -12.125857
14383035.322353	 -1768591.203542	 -1082234.702646	 98.616698	 -12.125857	 -12.125857
14415578.832731	 -1772592.736334	 -1084683.344788	 98.616698	 -12.125857	 -12.125857
14448122.343086	 -1776594.269124	 -1087131.986930	 98.616698	 -12.125857	 -12.125857
14480665.853418	 -1780595.801911	 -1089580.629069	 98.616698	 -12.125857	 -12.125857
14513209.363727	 -1784597.334694	 -1092029.271207	 98.616698	 -12.125857	 -12.125857
14545752.874014	 -1788598.867476	 -1094477.913343	 98.616698	 -12.125857	 -12.125857
14578296.384278	 -1792600.400254	 -1096926.555477	 98.616698	 -12.125857	 -12.125857
14610839.894520	 -1796601.933030	 -1099375.197610	 98.616698	 -12.125857	 -12.125857
14643383.404739	 -1800603.465803	 -1101823.839741	 98.616698	 -12.125857	 -12.125857
14675926.914937	 -1804604.998573	 -1104272.481870	 98.616698	 -12.125857	 -12.125857
14708470.425112	 -1808606.531340	 -1106721.123998	 98.616697	 -12.125857	 -12.125857
14741013.935265	 -1812608.064105	 -1109169.766124	 98.616697	 -12.125857	 -12.125857
14773557.445396	 -1816609.596867	 -1111618.408248	 98.616697	 -12.125857	 -12.125857
14806100.955505	 -1820611.129626	 -1114067.050371	 98.616697	 -12.125857	 -12.125857
14838644.465592	 -1824612.662383	 -1116515.692492	 98.616697	 -12.125857	 -12.125857
14871187.975658	 -1828614.195137	 -1118964.334611	 98.616697	 -12.125857	 -12.125857
14903731.485702	 -1832615.727888	 -1121412.976729	 98.616697	 -12.125857	 -12.125857
14936274.995725	 -1836617.260637	 -1123861.618845	 98.616697	 -12.125857	 -12.125857
14968818.505726	 -1840618.793383	 -1126310.260960	 98.616697	 -12.125857	 -12.125857
15001362.015706	 -1844620.326126	 -1128758.903073	 98.616697	 -12.125857	 -12.125857
15033905.525665	 -1848621.858867	 -1131207.545184	 98.616697	 -12.125857	 -12.125857
15066449.035603	 -1852623.391606	 -1133656.187294	 98.616697	 -12.125857	 -12.125857
15098992.545520	 -1856624.924341	 -1136104.829402	 98.616697	 -12.125857	 -12.125857
15131536.055415	 -1860626.457074	 -1138553.471509	 98.616697	 -12.125857	 -12.125857
15164079.565290	 -1864627.989805	 -1141002.113614	 98.616697	 -12.125857	 -12.125857
15196623.075145	 -1868629.522533	 -1143450.755718	 98.616696	 -12.125857	 -12.125857
15229166.584978	 -1872631.055258	 -1145899.397819	 98.616696	 -12.125857	 -12.125857
15261710.094791	 -1876632.587981	 -1148348.039920	 98.616696	 -12.125857	 -12.125857
15294253.604584	 -1880634.120702	 -1150796.682019	 98.616696	 -12.125857	 -12.125857
15326797.114356	 -1884635.653420	 -1153245.324116	 98.616696	 -12.125857	 -12.125857
15359340.624108	 -1888637.186135	 -1155693.966212	 98.616696	 -12.125857	 -12.125857
15391884.133839	 -1892638.718848	 -1158142.608306	 98.616696	 -12.125857	 -12.125857
15424427.643551	 -1896640.251558	 -1160591.250399	 98.616696	 -12.125857	 -12.125857
15456971.153242	 -1900641.784266	 -1163039.892490	 98.616696	 -12.125857	 -12.125857
15489514.662914	 -1904643.316972	 -1165488.534580	 98.616696	 -12.125857	 -12.125857
15522058.172565	 -1908644.849675	 -1167937.176668	 98.616696	 -12.125857	 -12.125857
15554601.682197	 -1912646.382375	 -1170385.818755	 98.616696	 -12.125857	 -12.125857
15587145.191809	 -1916647.915074	 -1172834.460840	 98.616696	 -12.125857	 -12.125857
15619688.701402	 -1920649.447769	 -1175283.102924	 98.616696	 -12.125857	 -12.125857
15652232.210975	 -1924650.980463	 -1177731.745006	 98.616696	 -12.125857	 -12.125857
15684775.720528	 -1928652.513154	 -1180180.387087	 98.616696	 -12.125857	 -12.125857
15717319.230062	 -1932654.045842	 -1182629.029167	 98.616696	 -12.125857	 -12.125857
15749862.739577	 -1936655.578529	 -1185077.671245	 98.616695	 -12.125857	 -12.125857
15782406.249072	 -1940657.111213	 -1187526.313321	 98.616695	 -12.125857	 -12.125857
15814949.758549	 -1944658.643894	 -1189974.955396	 98.616695	 -12.125857	 -12.125857
15847493.268006	 -1948660.176573	 -1192423.597470	 98.616695	 -12.125857	 -12.125857
15880036.777444	 -1952661.709250	 -1194872.239542	 98.616695	 -12.125857	 -12.125857
15912580.286864	 -1956663.241925	 -1197320.881613	 98.616695	 -12.125857	 -12.125857
15945123.796264	 -1960664.774597	 -1199769.523682	 98.616695	 -12.125857	 -12.125857
15977667.305646	 -1964666.307267	 -1202218.165750	 98.616695	 -12.125857	 -12.125857
16010210.815009	 -1968667.839934	 -1204666.807817	 98.616695	 -12.125857	 -12.125857
16042754.324354	 -1972669.372600	 -1207115.449882	 98.616695	 -12.125857	 -12.125857
16075297.833680	 -1976670.905263	 -1209564.091946	 98.616695	 -12.125857	 -12.125857
16107841.342987	 -1980672.437923	 -1212012.734008	 98.616695	 -12.125857	 -12.125857
16140384.852276	 -1984673.970582	 -1214461.376069	 98.616695	 -12.125857	 -12.125857
16172928.361547	 -1988675.503238	 -1216910.018129	 98.616695	 -12.125857	 -12.125857
16205471.870800	 -1992677.035892	 -1219358.660187	 98.616695	 -12.125857	 -12.125857
16238015.380034	 -1996678.568544	 -1221807.302244	 98.616695	 -12.125857	 -12.125857
16270558.889251	 -2000680.101194	 -1224255.944299	 98.616695	 -12.125857	 -12.125857
