1 39.4784176
0.3 0.000003
0.0508011 -0.4011642 -0.2195576 0.02231875 0.00485553 0.00027924
0.64 0.0000064
0.0655112 -0.6589741 -0.3006184 0.02000833 0.00205477 -0.00034178
1 0.00001
-0.6349052 0.6910548 0.2995998 -0.01343443 -0.01023223 -0.00443607
2.1 0.000021
-0.8326456 -1.1782156 -0.5179263 0.01227603 -0.00570021 -0.00294625
11.9 0.000119
-5.385202 -0.840171 -0.229015 0.001099944 -0.006518169 -0.002820667
30 0.0003
-3.743403 7.568504 3.287166 -0.005379637 -0.002232371 -0.002820667
84 0.00084
18.38175 -7.25798 -3.43875 0.001544588 0.003135267 0.001351424
165 0.00165
21.25332 -19.49023 -8.50658 0.002199232 0.002084787 0.000798469
249 0.00249
-4.11218 -29.56880 -7.98970 0.003169840 -0.000584314 -0.001138225
