-4.109297	 -29.569331	 -7.990735	 1.157719	 -0.213308	 -0.415682
-2.664205	 -29.804420	 -8.499870	 1.163311	 -0.164341	 -0.402084
-1.213681	 -29.978930	 -8.991734	 1.166452	 -0.116020	 -0.387947
0.239275	 -30.093753	 -9.465701	 1.167229	 -0.068480	 -0.373343
1.691781	 -30.149938	 -9.921228	 1.165741	 -0.021843	 -0.358337
3.141079	 -30.148678	 -10.357857	 1.162091	 0.023780	 -0.342995
4.584547	 -30.091296	 -10.775210	 1.156388	 0.068297	 -0.327380
6.019698	 -29.979223	 -11.172983	 1.148746	 0.111624	 -0.311551
7.444189	 -29.813983	 -11.550947	 1.139280	 0.153692	 -0.295565
8.855821	 -29.597178	 -11.908937	 1.128105	 0.194447	 -0.279474
10.252538	 -29.330475	 -12.246855	 1.115337	 0.233841	 -0.263328
11.632429	 -29.015589	 -12.564659	 1.101089	 0.271841	 -0.247170
12.993721	 -28.654274	 -12.862361	 1.085475	 0.308421	 -0.231043
14.334780	 -28.248305	 -13.140025	 1.068602	 0.343567	 -0.214985
15.654104	 -27.799477	 -13.397756	 1.050575	 0.377269	 -0.199029
16.950322	 -27.309587	 -13.635703	 1.031496	 0.409527	 -0.183207
18.222182	 -26.780430	 -13.854048	 1.011461	 0.440347	 -0.167546
19.468553	 -26.213790	 -14.053007	 0.990563	 0.469739	 -0.152069
20.688415	 -25.611436	 -14.232824	 0.968888	 0.497720	 -0.136799
21.880851	 -24.975114	 -14.393769	 0.946519	 0.524308	 -0.121755
23.045049	 -24.306542	 -14.536132	 0.923534	 0.549528	 -0.106952
24.180285	 -23.607408	 -14.660222	 0.900006	 0.573405	 -0.092404
25.285926	 -22.879366	 -14.766365	 0.876003	 0.595968	 -0.078123
26.361421	 -22.124034	 -14.854899	 0.851588	 0.617248	 -0.064119
27.406295	 -21.342990	 -14.926173	 0.826820	 0.637275	 -0.050399
28.420142	 -20.537774	 -14.980547	 0.801755	 0.656083	 -0.036970
29.402625	 -19.709881	 -15.018385	 0.776443	 0.673705	 -0.023837
30.353467	 -18.860767	 -15.040057	 0.750932	 0.690176	 -0.011003
31.272444	 -17.991845	 -15.045939	 0.725264	 0.705529	 0.001529
32.159389	 -17.104485	 -15.036405	 0.699479	 0.719799	 0.013759
33.014179	 -16.200015	 -15.011835	 0.673615	 0.733019	 0.025684
33.836736	 -15.279721	 -14.972606	 0.647704	 0.745224	 0.037307
34.627021	 -14.344846	 -14.919095	 0.621778	 0.756445	 0.048628
35.385033	 -13.396594	 -14.851676	 0.595864	 0.766716	 0.059648
36.110803	 -12.436130	 -14.770723	 0.569988	 0.776067	 0.070369
36.804393	 -11.464577	 -14.676606	 0.544174	 0.784531	 0.080795
37.465894	 -10.483022	 -14.569690	 0.518442	 0.792138	 0.090929
38.095421	 -9.492516	 -14.450338	 0.492812	 0.798915	 0.100773
38.693111	 -8.494071	 -14.318909	 0.467302	 0.804893	 0.110331
39.259122	 -7.488667	 -14.175754	 0.441926	 0.810098	 0.119607
39.793632	 -6.477249	 -14.021224	 0.416700	 0.814556	 0.128606
40.296834	 -5.460731	 -13.855661	 0.391635	 0.818294	 0.137331
40.768938	 -4.439994	 -13.679404	 0.366744	 0.821336	 0.145786
41.210165	 -3.415891	 -13.492785	 0.342036	 0.823705	 0.153976
41.620750	 -2.389243	 -13.296133	 0.317522	 0.825425	 0.161905
42.000938	 -1.360847	 -13.089768	 0.293208	 0.826517	 0.169577
42.350985	 -0.331471	 -12.874009	 0.269103	 0.827002	 0.176997
42.671153	 0.698143	 -12.649166	 0.245212	 0.826900	 0.184170
42.961713	 1.727276	 -12.415545	 0.221541	 0.826231	 0.191098
43.222943	 2.755232	 -12.173448	 0.198096	 0.825013	 0.197788
43.455126	 3.781341	 -11.923168	 0.174881	 0.823263	 0.204242
43.658551	 4.804949	 -11.664997	 0.151899	 0.820999	 0.210465
43.833510	 5.825428	 -11.399219	 0.129154	 0.818237	 0.216462
43.980300	 6.842166	 -11.126114	 0.106648	 0.814991	 0.222235
44.099221	 7.854571	 -10.845959	 0.084385	 0.811278	 0.227789
44.190575	 8.862069	 -10.559023	 0.062365	 0.807110	 0.233128
44.254667	 9.864102	 -10.265572	 0.040592	 0.802500	 0.238255
44.291804	 10.860129	 -9.965867	 0.019065	 0.797463	 0.243174
44.302295	 11.849626	 -9.660166	 -0.002213	 0.792010	 0.247888
44.286449	 12.832080	 -9.348722	 -0.023242	 0.786152	 0.252400
44.244578	 13.806995	 -9.031783	 -0.044021	 0.779900	 0.256714
44.176992	 14.773889	 -8.709595	 -0.064550	 0.773266	 0.260834
44.084004	 15.732289	 -8.382397	 -0.084827	 0.766258	 0.264761
43.965926	 16.681738	 -8.050428	 -0.104854	 0.758886	 0.268499
43.823072	 17.621787	 -7.713922	 -0.124629	 0.751160	 0.272050
43.655754	 18.552002	 -7.373109	 -0.144152	 0.743088	 0.275417
43.464286	 19.471956	 -7.028217	 -0.163424	 0.734677	 0.278603
43.248980	 20.381232	 -6.679469	 -0.182445	 0.725936	 0.281610
43.010150	 21.279424	 -6.327088	 -0.201214	 0.716872	 0.284441
42.748108	 22.166134	 -5.971292	 -0.219732	 0.707491	 0.287096
42.463168	 23.040972	 -5.612296	 -0.237998	 0.697801	 0.289580
42.155641	 23.903557	 -5.250315	 -0.256014	 0.687807	 0.291893
41.825841	 24.753513	 -4.885559	 -0.273779	 0.677515	 0.294037
41.474081	 25.590474	 -4.518237	 -0.291292	 0.666931	 0.296014
41.100672	 26.414079	 -4.148557	 -0.308555	 0.656060	 0.297826
40.705926	 27.223974	 -3.776722	 -0.325566	 0.644907	 0.299474
40.290158	 28.019810	 -3.402937	 -0.342327	 0.633476	 0.300960
39.853679	 28.801244	 -3.027401	 -0.358836	 0.621772	 0.302285
39.396802	 29.567939	 -2.650316	 -0.375093	 0.609798	 0.303450
38.919841	 30.319562	 -2.271879	 -0.391099	 0.597560	 0.304456
38.423110	 31.055785	 -1.892288	 -0.406852	 0.585059	 0.305305
37.906923	 31.776284	 -1.511738	 -0.422353	 0.572300	 0.305996
37.371595	 32.480739	 -1.130424	 -0.437600	 0.559286	 0.306531
36.817442	 33.168834	 -0.748541	 -0.452593	 0.546019	 0.306911
36.244781	 33.840256	 -0.366280	 -0.467331	 0.532503	 0.307136
35.653930	 34.494698	 0.016164	 -0.481813	 0.518740	 0.307207
35.045210	 35.131851	 0.398601	 -0.496037	 0.504731	 0.307124
34.418940	 35.751413	 0.780839	 -0.510004	 0.490480	 0.306887
33.775443	 36.353083	 1.162686	 -0.523710	 0.475989	 0.306496
33.115044	 36.936562	 1.543952	 -0.537155	 0.461258	 0.305952
32.438071	 37.501554	 1.924446	 -0.550336	 0.446291	 0.305255
31.744850	 38.047766	 2.303976	 -0.563252	 0.431088	 0.304404
31.035715	 38.574903	 2.682351	 -0.575901	 0.415650	 0.303400
30.310999	 39.082677	 3.059380	 -0.588281	 0.399980	 0.302241
29.571040	 39.570797	 3.434871	 -0.600388	 0.384078	 0.300928
28.816178	 40.038975	 3.808631	 -0.612220	 0.367945	 0.299461
28.046757	 40.486926	 4.180467	 -0.623775	 0.351583	 0.297837
27.263124	 40.914363	 4.550186	 -0.635048	 0.334992	 0.296058
26.465632	 41.321002	 4.917592	 -0.646038	 0.318172	 0.294122
25.654637	 41.706559	 5.282489	 -0.656739	 0.301125	 0.292028
24.830499	 42.070752	 5.644680	 -0.667149	 0.283852	 0.289775
23.993585	 42.413299	 6.003967	 -0.677262	 0.266352	 0.287362
23.144266	 42.733918	 6.360150	 -0.687076	 0.248626	 0.284788
22.282918	 43.032328	 6.713028	 -0.696584	 0.230675	 0.282052
21.409924	 43.308250	 7.062398	 -0.705782	 0.212499	 0.279152
20.525674	 43.561402	 7.408055	 -0.714665	 0.194098	 0.276087
19.630563	 43.791507	 7.749793	 -0.723227	 0.175474	 0.272855
18.724996	 43.998286	 8.087403	 -0.731462	 0.156625	 0.269455
17.809382	 44.181459	 8.420674	 -0.739364	 0.137554	 0.265885
16.884140	 44.340750	 8.749393	 -0.746926	 0.118259	 0.262142
15.949699	 44.475881	 9.073346	 -0.754141	 0.098742	 0.258226
15.006494	 44.586575	 9.392313	 -0.761002	 0.079004	 0.254133
14.054971	 44.672557	 9.706074	 -0.767501	 0.059044	 0.249863
13.095587	 44.733552	 10.014407	 -0.773629	 0.038863	 0.245411
12.128807	 44.769285	 10.317084	 -0.779379	 0.018462	 0.240777
11.155109	 44.779484	 10.613877	 -0.784740	 -0.002157	 0.235958
10.174982	 44.763876	 10.904553	 -0.789704	 -0.022994	 0.230950
9.188928	 44.722191	 11.188877	 -0.794259	 -0.044048	 0.225752
8.197461	 44.654160	 11.466609	 -0.798397	 -0.065317	 0.220361
7.201108	 44.559516	 11.737508	 -0.802105	 -0.086799	 0.214773
6.200411	 44.437995	 12.001326	 -0.805372	 -0.108494	 0.208987
5.195928	 44.289335	 12.257816	 -0.808185	 -0.130397	 0.202998
4.188230	 44.113275	 12.506722	 -0.810532	 -0.152508	 0.196804
3.177907	 43.909561	 12.747787	 -0.812399	 -0.174823	 0.190402
2.165565	 43.677940	 12.980751	 -0.813773	 -0.197338	 0.183788
1.151827	 43.418163	 13.205346	 -0.814638	 -0.220051	 0.176959
0.137336	 43.129989	 13.421305	 -0.814979	 -0.242957	 0.169912
-0.877247	 42.813178	 13.628353	 -0.814780	 -0.266052	 0.162643
-1.891237	 42.467501	 13.826211	 -0.814024	 -0.289330	 0.155149
-2.903931	 42.092731	 14.014598	 -0.812694	 -0.312785	 0.147426
-3.914602	 41.688653	 14.193226	 -0.810771	 -0.336412	 0.139472
-4.922502	 41.255057	 14.361805	 -0.808236	 -0.360202	 0.131282
-5.926855	 40.791745	 14.520039	 -0.805069	 -0.384147	 0.122852
-6.926862	 40.298530	 14.667628	 -0.801250	 -0.408239	 0.114181
-7.921698	 39.775234	 14.804269	 -0.796757	 -0.432467	 0.105263
-8.910509	 39.221695	 14.929652	 -0.791567	 -0.456820	 0.096096
-9.892416	 38.637765	 15.043467	 -0.785658	 -0.481287	 0.086678
-10.866506	 38.023311	 15.145398	 -0.779006	 -0.505853	 0.077004
-11.831839	 37.378218	 15.235124	 -0.771585	 -0.530503	 0.067071
-12.787442	 36.702392	 15.312322	 -0.763369	 -0.555221	 0.056879
-13.732310	 35.995758	 15.376668	 -0.754334	 -0.579989	 0.046423
-14.665404	 35.258267	 15.427831	 -0.744450	 -0.604788	 0.035702
-15.585652	 34.489895	 15.465481	 -0.733690	 -0.629595	 0.024714
-16.491944	 33.690645	 15.489285	 -0.722025	 -0.654386	 0.013458
-17.383137	 32.860553	 15.498909	 -0.709426	 -0.679136	 0.001934
-18.258049	 31.999687	 15.494017	 -0.695864	 -0.703816	 -0.009860
-19.115460	 31.108154	 15.474276	 -0.681306	 -0.728396	 -0.021922
-19.954113	 30.186099	 15.439351	 -0.665723	 -0.752841	 -0.034251
-20.772712	 29.233711	 15.388910	 -0.649084	 -0.777116	 -0.046846
-21.569923	 28.251227	 15.322627	 -0.631357	 -0.801181	 -0.059703
-22.344371	 27.238935	 15.240175	 -0.612511	 -0.824993	 -0.072819
-23.094645	 26.197178	 15.141236	 -0.592515	 -0.848505	 -0.086188
-23.819295	 25.126359	 15.025499	 -0.571340	 -0.871669	 -0.099803
-24.516834	 24.026946	 14.892661	 -0.548955	 -0.894430	 -0.113658
-25.185737	 22.899475	 14.742430	 -0.525333	 -0.916731	 -0.127742
-25.824448	 21.744556	 14.574528	 -0.500446	 -0.938510	 -0.142044
-26.431377	 20.562882	 14.388691	 -0.474270	 -0.959701	 -0.156552
-27.004904	 19.355227	 14.184671	 -0.446782	 -0.980233	 -0.171250
-27.543382	 18.122457	 13.962244	 -0.417963	 -1.000031	 -0.186120
-28.045145	 16.865535	 13.721207	 -0.387795	 -1.019017	 -0.201143
-28.508504	 15.585523	 13.461382	 -0.356267	 -1.037106	 -0.216296
-28.931761	 14.283593	 13.182623	 -0.323370	 -1.054210	 -0.231555
-29.313211	 12.961028	 12.884816	 -0.289103	 -1.070237	 -0.246890
-29.651148	 11.619229	 12.567885	 -0.253469	 -1.085089	 -0.262272
-29.943876	 10.259720	 12.231793	 -0.216479	 -1.098667	 -0.277664
-30.189717	 8.884151	 11.876551	 -0.178150	 -1.110867	 -0.293030
-30.387021	 7.494305	 11.502215	 -0.138509	 -1.121583	 -0.308328
-30.534176	 6.092096	 11.108899	 -0.097593	 -1.130705	 -0.323513
-30.629621	 4.679575	 10.696771	 -0.055448	 -1.138126	 -0.338538
-30.671861	 3.258931	 10.266065	 -0.012130	 -1.143733	 -0.353350
-30.659476	 1.832489	 9.817076	 0.032291	 -1.147419	 -0.367896
-30.591143	 0.402708	 9.350175	 0.077735	 -1.149075	 -0.382116
-30.465645	 -1.027821	 8.865803	 0.124107	 -1.148598	 -0.395950
-30.281892	 -2.456379	 8.364480	 0.171301	 -1.145889	 -0.409335
-30.038934	 -3.880130	 7.846804	 0.219195	 -1.140856	 -0.422206
-29.735980	 -5.296127	 7.313458	 0.267657	 -1.133415	 -0.434497
-29.372415	 -6.701326	 6.765206	 0.316538	 -1.123492	 -0.446139
-28.947814	 -8.092595	 6.202897	 0.365680	 -1.111025	 -0.457066
-28.461956	 -9.466736	 5.627462	 0.414912	 -1.095966	 -0.467211
-27.914843	 -10.820501	 5.039917	 0.464052	 -1.078282	 -0.476509
-27.306706	 -12.150611	 4.441355	 0.512909	 -1.057958	 -0.484897
-26.638020	 -13.453776	 3.832946	 0.561285	 -1.034996	 -0.492317
-25.909509	 -14.726726	 3.215927	 0.608979	 -1.009419	 -0.498715
-25.122150	 -15.966230	 2.591605	 0.655783	 -0.981270	 -0.504041
-24.277179	 -17.169120	 1.961338	 0.701492	 -0.950610	 -0.508255
-23.376086	 -18.332322	 1.326536	 0.745903	 -0.917526	 -0.511319
-22.420610	 -19.452881	 0.688647	 0.788818	 -0.882121	 -0.513208
-21.412733	 -20.527982	 0.049146	 0.830047	 -0.844519	 -0.513903
-20.354668	 -21.554976	 -0.590472	 0.869410	 -0.804862	 -0.513394
-19.248842	 -22.531402	 -1.228708	 0.906740	 -0.763310	 -0.511681
-18.097880	 -23.455008	 -1.864067	 0.941889	 -0.720036	 -0.508772
-16.904585	 -24.323764	 -2.495070	 0.974721	 -0.675226	 -0.504685
-15.671913	 -25.135878	 -3.120266	 1.005122	 -0.629076	 -0.499447
-14.402951	 -25.889807	 -3.738243	 1.033000	 -0.581788	 -0.493092
-13.100889	 -26.584262	 -4.347637	 1.058279	 -0.533568	 -0.485664
-11.768997	 -27.218214	 -4.947140	 1.080908	 -0.484626	 -0.477210
-10.410595	 -27.790890	 -5.535510	 1.100855	 -0.435168	 -0.467787
-9.029032	 -28.301777	 -6.111577	 1.118109	 -0.385398	 -0.457455
-7.627657	 -28.750608	 -6.674248	 1.132680	 -0.335512	 -0.446277
-6.209795	 -29.137356	 -7.222512	 1.144593	 -0.285699	 -0.434320
