-3.743403	 7.568504	 3.287166	 -1.963568	 -0.814815	 -0.814815
47701.935222	 -17081.919310	 3787.623486	 867.233140	 -310.313310	 -310.313310
98001.440778	 -35080.085385	 7789.519150	 867.232672	 -310.313143	 -310.313143
148300.930904	 -53078.245936	 11791.413588	 867.232523	 -310.313089	 -310.313089
198600.414921	 -71076.404301	 15793.307541	 867.232449	 -310.313063	 -310.313063
248899.895637	 -89074.561485	 19795.201231	 867.232406	 -310.313048	 -310.313048
299199.374283	 -107072.717928	 23797.094757	 867.232377	 -310.313037	 -310.313037
349498.851507	 -125070.873862	 27798.988169	 867.232356	 -310.313030	 -310.313030
399798.327693	 -143069.029425	 31800.881499	 867.232341	 -310.313024	 -310.313024
450097.803090	 -161067.184705	 35802.774766	 867.232329	 -310.313020	 -310.313020
500397.277865	 -179065.339762	 39804.667984	 867.232319	 -310.313017	 -310.313017
550696.752137	 -197063.494640	 43806.561161	 867.232311	 -310.313014	 -310.313014
600996.225995	 -215061.649370	 47808.454306	 867.232305	 -310.313011	 -310.313011
651295.699506	 -233059.803975	 51810.347423	 867.232299	 -310.313009	 -310.313009
701595.172721	 -251057.958474	 55812.240517	 867.232294	 -310.313008	 -310.313008
751894.645682	 -269056.112883	 59814.133590	 867.232290	 -310.313006	 -310.313006
802194.118421	 -287054.267212	 63816.026646	 867.232287	 -310.313005	 -310.313005
852493.590966	 -305052.421471	 67817.919686	 867.232284	 -310.313004	 -310.313004
902793.063338	 -323050.575669	 71819.812712	 867.232281	 -310.313003	 -310.313003
953092.535557	 -341048.729812	 75821.705727	 867.232278	 -310.313002	 -310.313002
1003392.007638	 -359046.883906	 79823.598730	 867.232276	 -310.313001	 -310.313001
1053691.479595	 -377045.037955	 83825.491723	 867.232274	 -310.313000	 -310.313000
1103990.951439	 -395043.191964	 87827.384708	 867.232272	 -310.313000	 -310.313000
1154290.423181	 -413041.345936	 91829.277684	 867.232271	 -310.312999	 -310.312999
1204589.894829	 -431039.499875	 95831.170653	 867.232269	 -310.312999	 -310.312999
1254889.366391	 -449037.653783	 99833.063615	 867.232268	 -310.312998	 -310.312998
1305188.837874	 -467035.807662	 103834.956571	 867.232266	 -310.312998	 -310.312998
1355488.309283	 -485033.961516	 107836.849521	 867.232265	 -310.312997	 -310.312997
1405787.780624	 -503032.115344	 111838.742465	 867.232264	 -310.312997	 -310.312997
1456087.251903	 -521030.269151	 115840.635405	 867.232263	 -310.312996	 -310.312996
1506386.723122	 -539028.422936	 119842.528339	 867.232262	 -310.312996	 -310.312996
1556686.194286	 -557026.576701	 123844.421270	 867.232261	 -310.312996	 -310.312996
1606985.665399	 -575024.730449	 127846.314196	 867.232260	 -310.312995	 -310.312995
1657285.136463	 -593022.884178	 131848.207118	 867.232259	 -310.312995	 -310.312995
1707584.607482	 -611021.037892	 135850.100037	 867.232259	 -310.312995	 -310.312995
1757884.078458	 -629019.191590	 139851.992953	 867.232258	 -310.312995	 -310.312995
1808183.549393	 -647017.345274	 143853.885865	 867.232257	 -310.312994	 -310.312994
1858483.020291	 -665015.498944	 147855.778774	 867.232257	 -310.312994	 -310.312994
1908782.491152	 -683013.652601	 151857.671680	 867.232256	 -310.312994	 -310.312994
1959081.961979	 -701011.806246	 155859.564584	 867.232255	 -310.312994	 -310.312994
2009381.432774	 -719009.959879	 159861.457485	 867.232255	 -310.312994	 -310.312994
2059680.903537	 -737008.113502	 163863.350383	 867.232254	 -310.312993	 -310.312993
2109980.374272	 -755006.267113	 167865.243279	 867.232254	 -310.312993	 -310.312993
2160279.844978	 -773004.420715	 171867.136173	 867.232253	 -310.312993	 -310.312993
2210579.315657	 -791002.574307	 175869.029065	 867.232253	 -310.312993	 -310.312993
2260878.786311	 -809000.727890	 179870.921955	 867.232252	 -310.312993	 -310.312993
2311178.256941	 -826998.881464	 183872.814843	 867.232252	 -310.312993	 -310.312993
2361477.727547	 -844997.035030	 187874.707729	 867.232252	 -310.312992	 -310.312992
2411777.198131	 -862995.188588	 191876.600613	 867.232251	 -310.312992	 -310.312992
2462076.668693	 -880993.342138	 195878.493495	 867.232251	 -310.312992	 -310.312992
2512376.139235	 -898991.495681	 199880.386376	 867.232251	 -310.312992	 -310.312992
2562675.609757	 -916989.649217	 203882.279256	 867.232250	 -310.312992	 -310.312992
2612975.080260	 -934987.802746	 207884.172133	 867.232250	 -310.312992	 -310.312992
2663274.550745	 -952985.956268	 211886.065010	 867.232250	 -310.312992	 -310.312992
2713574.021212	 -970984.109784	 215887.957885	 867.232249	 -310.312992	 -310.312992
2763873.491662	 -988982.263294	 219889.850758	 867.232249	 -310.312992	 -310.312992
2814172.962096	 -1006980.416798	 223891.743630	 867.232249	 -310.312991	 -310.312991
2864472.432514	 -1024978.570297	 227893.636501	 867.232248	 -310.312991	 -310.312991
2914771.902917	 -1042976.723790	 231895.529371	 867.232248	 -310.312991	 -310.312991
2965071.373305	 -1060974.877278	 235897.422240	 867.232248	 -310.312991	 -310.312991
3015370.843679	 -1078973.030761	 239899.315107	 867.232248	 -310.312991	 -310.312991
3065670.314040	 -1096971.184239	 243901.207974	 867.232247	 -310.312991	 -310.312991
3115969.784387	 -1114969.337712	 247903.100839	 867.232247	 -310.312991	 -310.312991
3166269.254721	 -1132967.491180	 251904.993704	 867.232247	 -310.312991	 -310.312991
3216568.725043	 -1150965.644645	 255906.886567	 867.232247	 -310.312991	 -310.312991
3266868.195352	 -1168963.798104	 259908.779429	 867.232247	 -310.312991	 -310.312991
3317167.665650	 -1186961.951560	 263910.672291	 867.232246	 -310.312991	 -310.312991
3367467.135937	 -1204960.105011	 267912.565151	 867.232246	 -310.312991	 -310.312991
3417766.606213	 -1222958.258459	 271914.458011	 867.232246	 -310.312990	 -310.312990
3468066.076478	 -1240956.411903	 275916.350870	 867.232246	 -310.312990	 -310.312990
3518365.546732	 -1258954.565343	 279918.243728	 867.232246	 -310.312990	 -310.312990
3568665.016977	 -1276952.718779	 283920.136585	 867.232246	 -310.312990	 -310.312990
3618964.487212	 -1294950.872212	 287922.029441	 867.232245	 -310.312990	 -310.312990
3669263.957437	 -1312949.025642	 291923.922297	 867.232245	 -310.312990	 -310.312990
3719563.427653	 -1330947.179068	 295925.815152	 867.232245	 -310.312990	 -310.312990
3769862.897860	 -1348945.332491	 299927.708006	 867.232245	 -310.312990	 -310.312990
3820162.368058	 -1366943.485911	 303929.600860	 867.232245	 -310.312990	 -310.312990
3870461.838248	 -1384941.639328	 307931.493713	 867.232245	 -310.312990	 -310.312990
3920761.308429	 -1402939.792742	 311933.386565	 867.232244	 -310.312990	 -310.312990
3971060.778603	 -1420937.946153	 315935.279416	 867.232244	 -310.312990	 -310.312990
4021360.248768	 -1438936.099561	 319937.172267	 867.232244	 -310.312990	 -310.312990
4071659.718925	 -1456934.252966	 323939.065118	 867.232244	 -310.312990	 -310.312990
4121959.189076	 -1474932.406369	 327940.957967	 867.232244	 -310.312990	 -310.312990
4172258.659218	 -1492930.559769	 331942.850816	 867.232244	 -310.312990	 -310.312990
4222558.129354	 -1510928.713166	 335944.743665	 867.232244	 -310.312990	 -310.312990
4272857.599482	 -1528926.866561	 339946.636513	 867.232244	 -310.312990	 -310.312990
4323157.069604	 -1546925.019954	 343948.529360	 867.232243	 -310.312990	 -310.312990
4373456.539719	 -1564923.173344	 347950.422207	 867.232243	 -310.312989	 -310.312989
4423756.009828	 -1582921.326732	 351952.315054	 867.232243	 -310.312989	 -310.312989
4474055.479930	 -1600919.480117	 355954.207900	 867.232243	 -310.312989	 -310.312989
4524354.950026	 -1618917.633501	 359956.100745	 867.232243	 -310.312989	 -310.312989
4574654.420116	 -1636915.786882	 363957.993590	 867.232243	 -310.312989	 -310.312989
4624953.890200	 -1654913.940261	 367959.886434	 867.232243	 -310.312989	 -310.312989
4675253.360278	 -1672912.093638	 371961.779278	 867.232243	 -310.312989	 -310.312989
4725552.830350	 -1690910.247013	 375963.672122	 867.232243	 -310.312989	 -310.312989
4775852.300417	 -1708908.400386	 379965.564965	 867.232242	 -310.312989	 -310.312989
4826151.770479	 -1726906.553756	 383967.457807	 867.232242	 -310.312989	 -310.312989
4876451.240535	 -1744904.707125	 387969.350650	 867.232242	 -310.312989	 -310.312989
4926750.710585	 -1762902.860493	 391971.243491	 867.232242	 -310.312989	 -310.312989
4977050.180631	 -1780901.013858	 395973.136333	 867.232242	 -310.312989	 -310.312989
5027349.650671	 -1798899.167221	 399975.029174	 867.232242	 -310.312989	 -310.312989
5077649.120707	 -1816897.320583	 403976.922014	 867.232242	 -310.312989	 -310.312989
5127948.590738	 -1834895.473943	 407978.814855	 867.232242	 -310.312989	 -310.312989
5178248.060764	 -1852893.627301	 411980.707694	 867.232242	 -310.312989	 -310.312989
5228547.530785	 -1870891.780658	 415982.600534	 867.232242	 -310.312989	 -310.312989
5278847.000802	 -1888889.934013	 419984.493373	 867.232242	 -310.312989	 -310.312989
5329146.470815	 -1906888.087366	 423986.386212	 867.232242	 -310.312989	 -310.312989
5379445.940823	 -1924886.240718	 427988.279050	 867.232241	 -310.312989	 -310.312989
5429745.410826	 -1942884.394068	 431990.171888	 867.232241	 -310.312989	 -310.312989
5480044.880826	 -1960882.547417	 435992.064726	 867.232241	 -310.312989	 -310.312989
5530344.350821	 -1978880.700764	 439993.957563	 867.232241	 -310.312989	 -310.312989
5580643.820812	 -1996878.854110	 443995.850400	 867.232241	 -310.312989	 -310.312989
5630943.290799	 -2014877.007455	 447997.743237	 867.232241	 -310.312989	 -310.312989
5681242.760783	 -2032875.160798	 451999.636073	 867.232241	 -310.312989	 -310.312989
5731542.230762	 -2050873.314139	 456001.528910	 867.232241	 -310.312989	 -310.312989
5781841.700738	 -2068871.467479	 460003.421745	 867.232241	 -310.312989	 -310.312989
5832141.170710	 -2086869.620818	 464005.314581	 867.232241	 -310.312989	 -310.312989
5882440.640678	 -2104867.774156	 468007.207416	 867.232241	 -310.312989	 -310.312989
5932740.110642	 -2122865.927492	 472009.100251	 867.232241	 -310.312989	 -310.312989
5983039.580604	 -2140864.080827	 476010.993086	 867.232241	 -310.312989	 -310.312989
6033339.050561	 -2158862.234161	 480012.885920	 867.232241	 -310.312989	 -310.312989
6083638.520515	 -2176860.387494	 484014.778754	 867.232241	 -310.312988	 -310.312988
6133937.990466	 -2194858.540825	 488016.671588	 867.232241	 -310.312988	 -310.312988
6184237.460414	 -2212856.694155	 492018.564422	 867.232240	 -310.312988	 -310.312988
6234536.930358	 -2230854.847484	 496020.457255	 867.232240	 -310.312988	 -310.312988
6284836.400299	 -2248853.000812	 500022.350088	 867.232240	 -310.312988	 -310.312988
6335135.870237	 -2266851.154139	 504024.242921	 867.232240	 -310.312988	 -310.312988
6385435.340172	 -2284849.307464	 508026.135753	 867.232240	 -310.312988	 -310.312988
6435734.810103	 -2302847.460789	 512028.028586	 867.232240	 -310.312988	 -310.312988
6486034.280032	 -2320845.614112	 516029.921418	 867.232240	 -310.312988	 -310.312988
6536333.749958	 -2338843.767435	 520031.814250	 867.232240	 -310.312988	 -310.312988
6586633.219881	 -2356841.920756	 524033.707081	 867.232240	 -310.312988	 -310.312988
6636932.689800	 -2374840.074076	 528035.599913	 867.232240	 -310.312988	 -310.312988
6687232.159718	 -2392838.227396	 532037.492744	 867.232240	 -310.312988	 -310.312988
6737531.629632	 -2410836.380714	 536039.385575	 867.232240	 -310.312988	 -310.312988
6787831.099543	 -2428834.534031	 540041.278405	 867.232240	 -310.312988	 -310.312988
6838130.569452	 -2446832.687348	 544043.171236	 867.232240	 -310.312988	 -310.312988
6888430.039359	 -2464830.840663	 548045.064066	 867.232240	 -310.312988	 -310.312988
6938729.509262	 -2482828.993978	 552046.956896	 867.232240	 -310.312988	 -310.312988
6989028.979163	 -2500827.147291	 556048.849726	 867.232240	 -310.312988	 -310.312988
7039328.449062	 -2518825.300604	 560050.742556	 867.232240	 -310.312988	 -310.312988
7089627.918957	 -2536823.453915	 564052.635385	 867.232240	 -310.312988	 -310.312988
7139927.388851	 -2554821.607226	 568054.528215	 867.232240	 -310.312988	 -310.312988
7190226.858742	 -2572819.760536	 572056.421044	 867.232239	 -310.312988	 -310.312988
7240526.328631	 -2590817.913845	 576058.313873	 867.232239	 -310.312988	 -310.312988
7290825.798517	 -2608816.067154	 580060.206701	 867.232239	 -310.312988	 -310.312988
7341125.268401	 -2626814.220461	 584062.099530	 867.232239	 -310.312988	 -310.312988
7391424.738282	 -2644812.373768	 588063.992358	 867.232239	 -310.312988	 -310.312988
7441724.208161	 -2662810.527073	 592065.885186	 867.232239	 -310.312988	 -310.312988
7492023.678038	 -2680808.680378	 596067.778014	 867.232239	 -310.312988	 -310.312988
7542323.147913	 -2698806.833682	 600069.670842	 867.232239	 -310.312988	 -310.312988
7592622.617786	 -2716804.986986	 604071.563670	 867.232239	 -310.312988	 -310.312988
7642922.087656	 -2734803.140288	 608073.456497	 867.232239	 -310.312988	 -310.312988
7693221.557525	 -2752801.293590	 612075.349324	 867.232239	 -310.312988	 -310.312988
7743521.027391	 -2770799.446891	 616077.242151	 867.232239	 -310.312988	 -310.312988
7793820.497255	 -2788797.600192	 620079.134978	 867.232239	 -310.312988	 -310.312988
7844119.967117	 -2806795.753491	 624081.027805	 867.232239	 -310.312988	 -310.312988
7894419.436977	 -2824793.906790	 628082.920632	 867.232239	 -310.312988	 -310.312988
7944718.906835	 -2842792.060088	 632084.813458	 867.232239	 -310.312988	 -310.312988
7995018.376691	 -2860790.213386	 636086.706285	 867.232239	 -310.312988	 -310.312988
8045317.846545	 -2878788.366683	 640088.599111	 867.232239	 -310.312988	 -310.312988
8095617.316397	 -2896786.519979	 644090.491937	 867.232239	 -310.312988	 -310.312988
8145916.786248	 -2914784.673274	 648092.384763	 867.232239	 -310.312988	 -310.312988
8196216.256096	 -2932782.826569	 652094.277588	 867.232239	 -310.312988	 -310.312988
8246515.725943	 -2950780.979863	 656096.170414	 867.232239	 -310.312988	 -310.312988
8296815.195787	 -2968779.133156	 660098.063239	 867.232239	 -310.312988	 -310.312988
8347114.665630	 -2986777.286449	 664099.956064	 867.232239	 -310.312988	 -310.312988
8397414.135471	 -3004775.439741	 668101.848890	 867.232239	 -310.312988	 -310.312988
8447713.605311	 -3022773.593033	 672103.741715	 867.232239	 -310.312988	 -310.312988
8498013.075148	 -3040771.746323	 676105.634539	 867.232239	 -310.312988	 -310.312988
8548312.544984	 -3058769.899614	 680107.527364	 867.232239	 -310.312988	 -310.312988
8598612.014818	 -3076768.052903	 684109.420189	 867.232239	 -310.312988	 -310.312988
8648911.484651	 -3094766.206192	 688111.313013	 867.232238	 -310.312988	 -310.312988
8699210.954482	 -3112764.359481	 692113.205837	 867.232238	 -310.312988	 -310.312988
8749510.424311	 -3130762.512769	 696115.098661	 867.232238	 -310.312988	 -310.312988
8799809.894138	 -3148760.666056	 700116.991486	 867.232238	 -310.312988	 -310.312988
8850109.363964	 -3166758.819342	 704118.884309	 867.232238	 -310.312988	 -310.312988
8900408.833789	 -3184756.972629	 708120.777133	 867.232238	 -310.312988	 -310.312988
8950708.303611	 -3202755.125914	 712122.669957	 867.232238	 -310.312988	 -310.312988
9001007.773433	 -3220753.279199	 716124.562780	 867.232238	 -310.312988	 -310.312988
9051307.243252	 -3238751.432484	 720126.455604	 867.232238	 -310.312988	 -310.312988
9101606.713070	 -3256749.585767	 724128.348427	 867.232238	 -310.312988	 -310.312988
9151906.182887	 -3274747.739051	 728130.241250	 867.232238	 -310.312988	 -310.312988
9202205.652702	 -3292745.892334	 732132.134073	 867.232238	 -310.312988	 -310.312988
9252505.122516	 -3310744.045616	 736134.026896	 867.232238	 -310.312988	 -310.312988
9302804.592328	 -3328742.198898	 740135.919719	 867.232238	 -310.312988	 -310.312988
9353104.062139	 -3346740.352179	 744137.812542	 867.232238	 -310.312988	 -310.312988
9403403.531948	 -3364738.505460	 748139.705364	 867.232238	 -310.312988	 -310.312988
9453703.001756	 -3382736.658740	 752141.598187	 867.232238	 -310.312988	 -310.312988
9504002.471563	 -3400734.812020	 756143.491009	 867.232238	 -310.312988	 -310.312988
9554301.941368	 -3418732.965299	 760145.383831	 867.232238	 -310.312988	 -310.312988
9604601.411172	 -3436731.118578	 764147.276654	 867.232238	 -310.312988	 -310.312988
9654900.880974	 -3454729.271856	 768149.169476	 867.232238	 -310.312988	 -310.312988
9705200.350775	 -3472727.425134	 772151.062298	 867.232238	 -310.312988	 -310.312988
9755499.820575	 -3490725.578411	 776152.955119	 867.232238	 -310.312988	 -310.312988
9805799.290374	 -3508723.731688	 780154.847941	 867.232238	 -310.312988	 -310.312988
9856098.760171	 -3526721.884964	 784156.740763	 867.232238	 -310.312988	 -310.312988
9906398.229967	 -3544720.038240	 788158.633584	 867.232238	 -310.312988	 -310.312988
9956697.699761	 -3562718.191516	 792160.526406	 867.232238	 -310.312988	 -310.312988
10006997.169555	 -3580716.344791	 796162.419227	 867.232238	 -310.312987	 -310.312987
10057296.639347	 -3598714.498065	 800164.312048	 867.232238	 -310.312987	 -310.312987
10107596.109138	 -3616712.651340	 804166.204869	 867.232238	 -310.312987	 -310.312987
10157895.578928	 -3634710.804613	 808168.097690	 867.232238	 -310.312987	 -310.312987
10208195.048716	 -3652708.957887	 812169.990511	 867.232238	 -310.312987	 -310.312987
10258494.518503	 -3670707.111159	 816171.883332	 867.232238	 -310.312987	 -310.312987
10308793.988289	 -3688705.264432	 820173.776153	 867.232238	 -310.312987	 -310.312987
10359093.458074	 -3706703.417704	 824175.668973	 867.232238	 -310.312987	 -310.312987
10409392.927858	 -3724701.570975	 828177.561794	 867.232238	 -310.312987	 -310.312987
10459692.397641	 -3742699.724247	 832179.454614	 867.232238	 -310.312987	 -310.312987
10509991.867422	 -3760697.877517	 836181.347435	 867.232238	 -310.312987	 -310.312987
10560291.337203	 -3778696.030788	 840183.240255	 867.232238	 -310.312987	 -310.312987
10610590.806982	 -3796694.184058	 844185.133075	 867.232238	 -310.312987	 -310.312987
10660890.276760	 -3814692.337327	 848187.025895	 867.232238	 -310.312987	 -310.312987
10711189.746537	 -3832690.490596	 852188.918715	 867.232238	 -310.312987	 -310.312987
10761489.216313	 -3850688.643865	 856190.811535	 867.232238	 -310.312987	 -310.312987
10811788.686088	 -3868686.797134	 860192.704355	 867.232237	 -310.312987	 -310.312987
10862088.155862	 -3886684.950402	 864194.597175	 867.232237	 -310.312987	 -310.312987
10912387.625634	 -3904683.103669	 868196.489995	 867.232237	 -310.312987	 -310.312987
10962687.095406	 -3922681.256937	 872198.382814	 867.232237	 -310.312987	 -310.312987
11012986.565177	 -3940679.410203	 876200.275634	 867.232237	 -310.312987	 -310.312987
11063286.034946	 -3958677.563470	 880202.168453	 867.232237	 -310.312987	 -310.312987
11113585.504715	 -3976675.716736	 884204.061272	 867.232237	 -310.312987	 -310.312987
11163884.974482	 -3994673.870002	 888205.954092	 867.232237	 -310.312987	 -310.312987
11214184.444249	 -4012672.023267	 892207.846911	 867.232237	 -310.312987	 -310.312987
11264483.914015	 -4030670.176532	 896209.739730	 867.232237	 -310.312987	 -310.312987
11314783.383779	 -4048668.329797	 900211.632549	 867.232237	 -310.312987	 -310.312987
11365082.853543	 -4066666.483062	 904213.525368	 867.232237	 -310.312987	 -310.312987
11415382.323306	 -4084664.636326	 908215.418187	 867.232237	 -310.312987	 -310.312987
11465681.793067	 -4102662.789589	 912217.311006	 867.232237	 -310.312987	 -310.312987
11515981.262828	 -4120660.942853	 916219.203824	 867.232237	 -310.312987	 -310.312987
11566280.732588	 -4138659.096116	 920221.096643	 867.232237	 -310.312987	 -310.312987
11616580.202347	 -4156657.249378	 924222.989462	 867.232237	 -310.312987	 -310.312987
11666879.672105	 -4174655.402641	 928224.882280	 867.232237	 -310.312987	 -310.312987
11717179.141862	 -4192653.555903	 932226.775098	 867.232237	 -310.312987	 -310.312987
11767478.611618	 -4210651.709165	 936228.667917	 867.232237	 -310.312987	 -310.312987
11817778.081373	 -4228649.862426	 940230.560735	 867.232237	 -310.312987	 -310.312987
11868077.551128	 -4246648.015687	 944232.453553	 867.232237	 -310.312987	 -310.312987
11918377.020881	 -4264646.168948	 948234.346371	 867.232237	 -310.312987	 -310.312987
11968676.490634	 -4282644.322208	 952236.239190	 867.232237	 -310.312987	 -310.312987
12018975.960386	 -4300642.475468	 956238.132008	 867.232237	 -310.312987	 -310.312987
12069275.430137	 -4318640.628728	 960240.024825	 867.232237	 -310.312987	 -310.312987
12119574.899887	 -4336638.781988	 964241.917643	 867.232237	 -310.312987	 -310.312987
12169874.369636	 -4354636.935247	 968243.810461	 867.232237	 -310.312987	 -310.312987
12220173.839384	 -4372635.088506	 972245.703279	 867.232237	 -310.312987	 -310.312987
12270473.309132	 -4390633.241764	 976247.596097	 867.232237	 -310.312987	 -310.312987
12320772.778878	 -4408631.395023	 980249.488914	 867.232237	 -310.312987	 -310.312987
12371072.248624	 -4426629.548281	 984251.381732	 867.232237	 -310.312987	 -310.312987
12421371.718369	 -4444627.701538	 988253.274549	 867.232237	 -310.312987	 -310.312987
12471671.188113	 -4462625.854796	 992255.167367	 867.232237	 -310.312987	 -310.312987
12521970.657857	 -4480624.008053	 996257.060184	 867.232237	 -310.312987	 -310.312987
12572270.127599	 -4498622.161310	 1000258.953001	 867.232237	 -310.312987	 -310.312987
12622569.597341	 -4516620.314567	 1004260.845818	 867.232237	 -310.312987	 -310.312987
12672869.067082	 -4534618.467823	 1008262.738635	 867.232237	 -310.312987	 -310.312987
12723168.536823	 -4552616.621079	 1012264.631453	 867.232237	 -310.312987	 -310.312987
12773468.006562	 -4570614.774335	 1016266.524270	 867.232237	 -310.312987	 -310.312987
12823767.476301	 -4588612.927590	 1020268.417087	 867.232237	 -310.312987	 -310.312987
12874066.946039	 -4606611.080845	 1024270.309903	 867.232237	 -310.312987	 -310.312987
12924366.415776	 -4624609.234100	 1028272.202720	 867.232237	 -310.312987	 -310.312987
12974665.885512	 -4642607.387355	 1032274.095537	 867.232237	 -310.312987	 -310.312987
13024965.355248	 -4660605.540609	 1036275.988354	 867.232237	 -310.312987	 -310.312987
13075264.824983	 -4678603.693863	 1040277.881171	 867.232237	 -310.312987	 -310.312987
13125564.294718	 -4696601.847117	 1044279.773987	 867.232237	 -310.312987	 -310.312987
13175863.764451	 -4714600.000371	 1048281.666804	 867.232237	 -310.312987	 -310.312987
13226163.234184	 -4732598.153624	 1052283.559620	 867.232237	 -310.312987	 -310.312987
13276462.703916	 -4750596.306877	 1056285.452437	 867.232237	 -310.312987	 -310.312987
13326762.173647	 -4768594.460130	 1060287.345253	 867.232237	 -310.312987	 -310.312987
13377061.643378	 -4786592.613383	 1064289.238069	 867.232237	 -310.312987	 -310.312987
13427361.113108	 -4804590.766635	 1068291.130886	 867.232237	 -310.312987	 -310.312987
13477660.582838	 -4822588.919887	 1072293.023702	 867.232237	 -310.312987	 -310.312987
13527960.052566	 -4840587.073139	 1076294.916518	 867.232237	 -310.312987	 -310.312987
13578259.522294	 -4858585.226391	 1080296.809334	 867.232237	 -310.312987	 -310.312987
13628558.992021	 -4876583.379642	 1084298.702150	 867.232237	 -310.312987	 -310.312987
13678858.461748	 -4894581.532893	 1088300.594966	 867.232237	 -310.312987	 -310.312987
13729157.931474	 -4912579.686144	 1092302.487782	 867.232237	 -310.312987	 -310.312987
13779457.401199	 -4930577.839395	 1096304.380598	 867.232237	 -310.312987	 -310.312987
13829756.870924	 -4948575.992645	 1100306.273414	 867.232237	 -310.312987	 -310.312987
13880056.340648	 -4966574.145896	 1104308.166230	 867.232237	 -310.312987	 -310.312987
13930355.810371	 -4984572.299146	 1108310.059045	 867.232237	 -310.312987	 -310.312987
13980655.280094	 -5002570.452395	 1112311.951861	 867.232237	 -310.312987	 -310.312987
14030954.749816	 -5020568.605645	 1116313.844677	 867.232237	 -310.312987	 -310.312987
14081254.219537	 -5038566.758894	 1120315.737492	 867.232237	 -310.312987	 -310.312987
14131553.689258	 -5056564.912143	 1124317.630308	 867.232237	 -310.312987	 -310.312987
14181853.158978	 -5074563.065392	 1128319.523123	 867.232237	 -310.312987	 -310.312987
14232152.628698	 -5092561.218641	 1132321.415939	 867.232237	 -310.312987	 -310.312987
14282452.098417	 -5110559.371889	 1136323.308754	 867.232237	 -310.312987	 -310.312987
14332751.568135	 -5128557.525137	 1140325.201570	 867.232237	 -310.312987	 -310.312987
14383051.037853	 -5146555.678385	 1144327.094385	 867.232237	 -310.312987	 -310.312987
14433350.507570	 -5164553.831633	 1148328.987200	 867.232236	 -310.312987	 -310.312987
14483649.977287	 -5182551.984880	 1152330.880015	 867.232236	 -310.312987	 -310.312987
14533949.447002	 -5200550.138128	 1156332.772830	 867.232236	 -310.312987	 -310.312987
14584248.916718	 -5218548.291375	 1160334.665646	 867.232236	 -310.312987	 -310.312987
14634548.386433	 -5236546.444622	 1164336.558461	 867.232236	 -310.312987	 -310.312987
14684847.856147	 -5254544.597868	 1168338.451276	 867.232236	 -310.312987	 -310.312987
14735147.325860	 -5272542.751115	 1172340.344091	 867.232236	 -310.312987	 -310.312987
14785446.795573	 -5290540.904361	 1176342.236905	 867.232236	 -310.312987	 -310.312987
14835746.265286	 -5308539.057607	 1180344.129720	 867.232236	 -310.312987	 -310.312987
14886045.734998	 -5326537.210853	 1184346.022535	 867.232236	 -310.312987	 -310.312987
14936345.204709	 -5344535.364099	 1188347.915350	 867.232236	 -310.312987	 -310.312987
14986644.674420	 -5362533.517344	 1192349.808165	 867.232236	 -310.312987	 -310.312987
15036944.144130	 -5380531.670589	 1196351.700979	 867.232236	 -310.312987	 -310.312987
15087243.613840	 -5398529.823835	 1200353.593794	 867.232236	 -310.312987	 -310.312987
15137543.083549	 -5416527.977079	 1204355.486609	 867.232236	 -310.312987	 -310.312987
15187842.553257	 -5434526.130324	 1208357.379423	 867.232236	 -310.312987	 -310.312987
15238142.022965	 -5452524.283569	 1212359.272238	 867.232236	 -310.312987	 -310.312987
15288441.492673	 -5470522.436813	 1216361.165052	 867.232236	 -310.312987	 -310.312987
15338740.962380	 -5488520.590057	 1220363.057867	 867.232236	 -310.312987	 -310.312987
15389040.432086	 -5506518.743301	 1224364.950681	 867.232236	 -310.312987	 -310.312987
15439339.901792	 -5524516.896545	 1228366.843495	 867.232236	 -310.312987	 -310.312987
15489639.371497	 -5542515.049788	 1232368.736310	 867.232236	 -310.312987	 -310.312987
15539938.841202	 -5560513.203031	 1236370.629124	 867.232236	 -310.312987	 -310.312987
15590238.310907	 -5578511.356275	 1240372.521938	 867.232236	 -310.312987	 -310.312987
15640537.780610	 -5596509.509518	 1244374.414752	 867.232236	 -310.312987	 -310.312987
15690837.250314	 -5614507.662760	 1248376.307567	 867.232236	 -310.312987	 -310.312987
15741136.720016	 -5632505.816003	 1252378.200381	 867.232236	 -310.312987	 -310.312987
15791436.189719	 -5650503.969245	 1256380.093195	 867.232236	 -310.312987	 -310.312987
15841735.659421	 -5668502.122488	 1260381.986009	 867.232236	 -310.312987	 -310.312987
15892035.129122	 -5686500.275730	 1264383.878823	 867.232236	 -310.312987	 -310.312987
15942334.598823	 -5704498.428972	 1268385.771637	 867.232236	 -310.312987	 -310.312987
15992634.068523	 -5722496.582213	 1272387.664451	 867.232236	 -310.312987	 -310.312987
16042933.538223	 -5740494.735455	 1276389.557264	 867.232236	 -310.312987	 -310.312987
16093233.007922	 -5758492.888696	 1280391.450078	 867.232236	 -310.312987	 -310.312987
16143532.477621	 -5776491.041938	 1284393.342892	 867.232236	 -310.312987	 -310.312987
16193831.947319	 -5794489.195179	 1288395.235706	 867.232236	 -310.312987	 -310.312987
16244131.417017	 -5812487.348420	 1292397.128520	 867.232236	 -310.312987	 -310.312987
16294430.886715	 -5830485.501660	 1296399.021333	 867.232236	 -310.312987	 -310.312987
16344730.356412	 -5848483.654901	 1300400.914147	 867.232236	 -310.312987	 -310.312987
16395029.826108	 -5866481.808141	 1304402.806961	 867.232236	 -310.312987	 -310.312987
16445329.295804	 -5884479.961381	 1308404.699774	 867.232236	 -310.312987	 -310.312987
16495628.765500	 -5902478.114621	 1312406.592588	 867.232236	 -310.312987	 -310.312987
16545928.235195	 -5920476.267861	 1316408.485401	 867.232236	 -310.312987	 -310.312987
16596227.704890	 -5938474.421101	 1320410.378215	 867.232236	 -310.312987	 -310.312987
16646527.174584	 -5956472.574340	 1324412.271028	 867.232236	 -310.312987	 -310.312987
16696826.644278	 -5974470.727580	 1328414.163841	 867.232236	 -310.312987	 -310.312987
16747126.113971	 -5992468.880819	 1332416.056655	 867.232236	 -310.312987	 -310.312987
16797425.583664	 -6010467.034058	 1336417.949468	 867.232236	 -310.312987	 -310.312987
16847725.053356	 -6028465.187297	 1340419.842281	 867.232236	 -310.312987	 -310.312987
16898024.523048	 -6046463.340536	 1344421.735095	 867.232236	 -310.312987	 -310.312987
16948323.992740	 -6064461.493774	 1348423.627908	 867.232236	 -310.312987	 -310.312987
16998623.462431	 -6082459.647013	 1352425.520721	 867.232236	 -310.312987	 -310.312987
17048922.932122	 -6100457.800251	 1356427.413534	 867.232236	 -310.312987	 -310.312987
17099222.401812	 -6118455.953489	 1360429.306347	 867.232236	 -310.312987	 -310.312987
17149521.871502	 -6136454.106727	 1364431.199160	 867.232236	 -310.312987	 -310.312987
17199821.341191	 -6154452.259965	 1368433.091973	 867.232236	 -310.312987	 -310.312987
17250120.810880	 -6172450.413203	 1372434.984786	 867.232236	 -310.312987	 -310.312987
17300420.280569	 -6190448.566440	 1376436.877599	 867.232236	 -310.312987	 -310.312987
17350719.750257	 -6208446.719678	 1380438.770412	 867.232236	 -310.312987	 -310.312987
17401019.219945	 -6226444.872915	 1384440.663225	 867.232236	 -310.312987	 -310.312987
17451318.689632	 -6244443.026152	 1388442.556038	 867.232236	 -310.312987	 -310.312987
17501618.159319	 -6262441.179389	 1392444.448851	 867.232236	 -310.312987	 -310.312987
17551917.629005	 -6280439.332626	 1396446.341664	 867.232236	 -310.312987	 -310.312987
17602217.098691	 -6298437.485862	 1400448.234477	 867.232236	 -310.312987	 -310.312987
17652516.568377	 -6316435.639099	 1404450.127289	 867.232236	 -310.312987	 -310.312987
17702816.038062	 -6334433.792335	 1408452.020102	 867.232236	 -310.312987	 -310.312987
17753115.507747	 -6352431.945571	 1412453.912915	 867.232236	 -310.312987	 -310.312987
17803414.977432	 -6370430.098807	 1416455.805727	 867.232236	 -310.312987	 -310.312987
17853714.447116	 -6388428.252043	 1420457.698540	 867.232236	 -310.312987	 -310.312987
17904013.916800	 -6406426.405279	 1424459.591353	 867.232236	 -310.312987	 -310.312987
17954313.386483	 -6424424.558515	 1428461.484165	 867.232236	 -310.312987	 -310.312987
18004612.856166	 -6442422.711750	 1432463.376978	 867.232236	 -310.312987	 -310.312987
18054912.325849	 -6460420.864986	 1436465.269790	 867.232236	 -310.312987	 -310.312987
18105211.795531	 -6478419.018221	 1440467.162603	 867.232236	 -310.312987	 -310.312987
18155511.265213	 -6496417.171456	 1444469.055415	 867.232236	 -310.312987	 -310.312987
18205810.734894	 -6514415.324691	 1448470.948227	 867.232236	 -310.312987	 -310.312987
18256110.204575	 -6532413.477926	 1452472.841040	 867.232236	 -310.312987	 -310.312987
18306409.674256	 -6550411.631161	 1456474.733852	 867.232236	 -310.312987	 -310.312987
18356709.143936	 -6568409.784395	 1460476.626664	 867.232236	 -310.312987	 -310.312987
18407008.613616	 -6586407.937630	 1464478.519477	 867.232236	 -310.312987	 -310.312987
18457308.083296	 -6604406.090864	 1468480.412289	 867.232236	 -310.312987	 -310.312987
18507607.552975	 -6622404.244098	 1472482.305101	 867.232236	 -310.312987	 -310.312987
18557907.022654	 -6640402.397332	 1476484.197913	 867.232236	 -310.312987	 -310.312987
18608206.492332	 -6658400.550566	 1480486.090726	 867.232236	 -310.312987	 -310.312987
18658505.962010	 -6676398.703800	 1484487.983538	 867.232236	 -310.312987	 -310.312987
18708805.431688	 -6694396.857033	 1488489.876350	 867.232236	 -310.312987	 -310.312987
18759104.901365	 -6712395.010267	 1492491.769162	 867.232236	 -310.312987	 -310.312987
18809404.371042	 -6730393.163500	 1496493.661974	 867.232236	 -310.312987	 -310.312987
18859703.840719	 -6748391.316734	 1500495.554786	 867.232236	 -310.312987	 -310.312987
18910003.310395	 -6766389.469967	 1504497.447598	 867.232236	 -310.312987	 -310.312987
18960302.780071	 -6784387.623200	 1508499.340410	 867.232236	 -310.312987	 -310.312987
19010602.249747	 -6802385.776433	 1512501.233222	 867.232236	 -310.312987	 -310.312987
19060901.719422	 -6820383.929666	 1516503.126034	 867.232236	 -310.312987	 -310.312987
19111201.189097	 -6838382.082898	 1520505.018846	 867.232236	 -310.312987	 -310.312987
19161500.658772	 -6856380.236131	 1524506.911658	 867.232236	 -310.312987	 -310.312987
19211800.128446	 -6874378.389363	 1528508.804469	 867.232236	 -310.312987	 -310.312987
19262099.598120	 -6892376.542595	 1532510.697281	 867.232236	 -310.312987	 -310.312987
19312399.067794	 -6910374.695828	 1536512.590093	 867.232236	 -310.312987	 -310.312987
19362698.537467	 -6928372.849060	 1540514.482905	 867.232236	 -310.312987	 -310.312987
19412998.007140	 -6946371.002292	 1544516.375717	 867.232236	 -310.312987	 -310.312987
19463297.476813	 -6964369.155523	 1548518.268528	 867.232236	 -310.312987	 -310.312987
19513596.946485	 -6982367.308755	 1552520.161340	 867.232236	 -310.312987	 -310.312987
19563896.416157	 -7000365.461987	 1556522.054152	 867.232236	 -310.312987	 -310.312987
19614195.885828	 -7018363.615218	 1560523.946963	 867.232236	 -310.312987	 -310.312987
19664495.355500	 -7036361.768450	 1564525.839775	 867.232236	 -310.312987	 -310.312987
19714794.825171	 -7054359.921681	 1568527.732586	 867.232236	 -310.312987	 -310.312987
19765094.294841	 -7072358.074912	 1572529.625398	 867.232236	 -310.312987	 -310.312987
19815393.764512	 -7090356.228143	 1576531.518210	 867.232236	 -310.312987	 -310.312987
19865693.234182	 -7108354.381374	 1580533.411021	 867.232236	 -310.312987	 -310.312987
19915992.703851	 -7126352.534605	 1584535.303832	 867.232236	 -310.312987	 -310.312987
19966292.173521	 -7144350.687835	 1588537.196644	 867.232236	 -310.312987	 -310.312987
20016591.643190	 -7162348.841066	 1592539.089455	 867.232236	 -310.312987	 -310.312987
20066891.112859	 -7180346.994296	 1596540.982267	 867.232236	 -310.312987	 -310.312987
20117190.582527	 -7198345.147527	 1600542.875078	 867.232236	 -310.312987	 -310.312987
20167490.052195	 -7216343.300757	 1604544.767889	 867.232236	 -310.312987	 -310.312987
20217789.521863	 -7234341.453987	 1608546.660701	 867.232236	 -310.312987	 -310.312987
20268088.991531	 -7252339.607217	 1612548.553512	 867.232236	 -310.312987	 -310.312987
20318388.461198	 -7270337.760447	 1616550.446323	 867.232236	 -310.312987	 -310.312987
20368687.930865	 -7288335.913677	 1620552.339135	 867.232236	 -310.312987	 -310.312987
20418987.400532	 -7306334.066906	 1624554.231946	 867.232236	 -310.312987	 -310.312987
20469286.870198	 -7324332.220136	 1628556.124757	 867.232236	 -310.312987	 -310.312987
20519586.339864	 -7342330.373365	 1632558.017568	 867.232236	 -310.312987	 -310.312987
20569885.809530	 -7360328.526595	 1636559.910379	 867.232236	 -310.312987	 -310.312987
20620185.279195	 -7378326.679824	 1640561.803191	 867.232236	 -310.312987	 -310.312987
20670484.748860	 -7396324.833053	 1644563.696002	 867.232236	 -310.312987	 -310.312987
20720784.218525	 -7414322.986282	 1648565.588813	 867.232236	 -310.312987	 -310.312987
20771083.688190	 -7432321.139511	 1652567.481624	 867.232236	 -310.312987	 -310.312987
20821383.157854	 -7450319.292740	 1656569.374435	 867.232236	 -310.312987	 -310.312987
20871682.627518	 -7468317.445969	 1660571.267246	 867.232236	 -310.312987	 -310.312987
20921982.097182	 -7486315.599197	 1664573.160057	 867.232236	 -310.312987	 -310.312987
20972281.566845	 -7504313.752426	 1668575.052868	 867.232236	 -310.312987	 -310.312987
21022581.036508	 -7522311.905654	 1672576.945679	 867.232236	 -310.312987	 -310.312987
21072880.506171	 -7540310.058882	 1676578.838490	 867.232236	 -310.312987	 -310.312987
21123179.975834	 -7558308.212111	 1680580.731301	 867.232236	 -310.312987	 -310.312987
21173479.445496	 -7576306.365339	 1684582.624112	 867.232236	 -310.312987	 -310.312987
21223778.915158	 -7594304.518567	 1688584.516922	 867.232236	 -310.312987	 -310.312987
21274078.384820	 -7612302.671795	 1692586.409733	 867.232236	 -310.312987	 -310.312987
21324377.854481	 -7630300.825023	 1696588.302544	 867.232236	 -310.312987	 -310.312987
21374677.324142	 -7648298.978250	 1700590.195355	 867.232236	 -310.312987	 -310.312987
21424976.793803	 -7666297.131478	 1704592.088166	 867.232236	 -310.312987	 -310.312987
21475276.263464	 -7684295.284706	 1708593.980976	 867.232236	 -310.312987	 -310.312987
21525575.733124	 -7702293.437933	 1712595.873787	 867.232236	 -310.312987	 -310.312987
21575875.202784	 -7720291.591160	 1716597.766598	 867.232236	 -310.312987	 -310.312987
21626174.672444	 -7738289.744388	 1720599.659409	 867.232236	 -310.312987	 -310.312987
21676474.142104	 -7756287.897615	 1724601.552219	 867.232236	 -310.312987	 -310.312987
21726773.611763	 -7774286.050842	 1728603.445030	 867.232236	 -310.312987	 -310.312987
21777073.081422	 -7792284.204069	 1732605.337840	 867.232235	 -310.312987	 -310.312987
21827372.551081	 -7810282.357296	 1736607.230651	 867.232235	 -310.312987	 -310.312987
21877672.020740	 -7828280.510522	 1740609.123462	 867.232235	 -310.312987	 -310.312987
21927971.490398	 -7846278.663749	 1744611.016272	 867.232235	 -310.312987	 -310.312987
21978270.960056	 -7864276.816976	 1748612.909083	 867.232235	 -310.312987	 -310.312987
22028570.429714	 -7882274.970202	 1752614.801893	 867.232235	 -310.312987	 -310.312987
22078869.899371	 -7900273.123429	 1756616.694704	 867.232235	 -310.312987	 -310.312987
22129169.369028	 -7918271.276655	 1760618.587514	 867.232235	 -310.312987	 -310.312987
22179468.838685	 -7936269.429881	 1764620.480325	 867.232235	 -310.312987	 -310.312987
22229768.308342	 -7954267.583107	 1768622.373135	 867.232235	 -310.312987	 -310.312987
22280067.777998	 -7972265.736333	 1772624.265946	 867.232235	 -310.312987	 -310.312987
22330367.247655	 -7990263.889559	 1776626.158756	 867.232235	 -310.312987	 -310.312987
22380666.717311	 -8008262.042785	 1780628.051566	 867.232235	 -310.312987	 -310.312987
22430966.186966	 -8026260.196011	 1784629.944377	 867.232235	 -310.312987	 -310.312987
22481265.656622	 -8044258.349237	 1788631.837187	 867.232235	 -310.312987	 -310.312987
22531565.126277	 -8062256.502462	 1792633.729997	 867.232235	 -310.312987	 -310.312987
22581864.595932	 -8080254.655688	 1796635.622808	 867.232235	 -310.312987	 -310.312987
22632164.065587	 -8098252.808913	 1800637.515618	 867.232235	 -310.312987	 -310.312987
22682463.535241	 -8116250.962138	 1804639.408428	 867.232235	 -310.312987	 -310.312987
22732763.004896	 -8134249.115364	 1808641.301239	 867.232235	 -310.312987	 -310.312987
22783062.474550	 -8152247.268589	 1812643.194049	 867.232235	 -310.312987	 -310.312987
22833361.944203	 -8170245.421814	 1816645.086859	 867.232235	 -310.312987	 -310.312987
22883661.413857	 -8188243.575039	 1820646.979669	 867.232235	 -310.312987	 -310.312987
22933960.883510	 -8206241.728264	 1824648.872479	 867.232235	 -310.312987	 -310.312987
22984260.353163	 -8224239.881489	 1828650.765289	 867.232235	 -310.312987	 -310.312987
23034559.822816	 -8242238.034713	 1832652.658100	 867.232235	 -310.312987	 -310.312987
23084859.292469	 -8260236.187938	 1836654.550910	 867.232235	 -310.312987	 -310.312987
23135158.762121	 -8278234.341163	 1840656.443720	 867.232235	 -310.312987	 -310.312987
23185458.231773	 -8296232.494387	 1844658.336530	 867.232235	 -310.312987	 -310.312987
23235757.701425	 -8314230.647611	 1848660.229340	 867.232235	 -310.312987	 -310.312987
23286057.171077	 -8332228.800836	 1852662.122150	 867.232235	 -310.312987	 -310.312987
23336356.640728	 -8350226.954060	 1856664.014960	 867.232235	 -310.312987	 -310.312987
23386656.110379	 -8368225.107284	 1860665.907770	 867.232235	 -310.312987	 -310.312987
23436955.580030	 -8386223.260508	 1864667.800580	 867.232235	 -310.312987	 -310.312987
23487255.049681	 -8404221.413732	 1868669.693390	 867.232235	 -310.312987	 -310.312987
23537554.519332	 -8422219.566956	 1872671.586200	 867.232235	 -310.312987	 -310.312987
23587853.988982	 -8440217.720180	 1876673.479010	 867.232235	 -310.312987	 -310.312987
23638153.458632	 -8458215.873404	 1880675.371820	 867.232235	 -310.312987	 -310.312987
23688452.928282	 -8476214.026627	 1884677.264630	 867.232235	 -310.312987	 -310.312987
23738752.397931	 -8494212.179851	 1888679.157439	 867.232235	 -310.312987	 -310.312987
23789051.867581	 -8512210.333074	 1892681.050249	 867.232235	 -310.312987	 -310.312987
23839351.337230	 -8530208.486298	 1896682.943059	 867.232235	 -310.312987	 -310.312987
23889650.806879	 -8548206.639521	 1900684.835869	 867.232235	 -310.312987	 -310.312987
23939950.276528	 -8566204.792745	 1904686.728679	 867.232235	 -310.312987	 -310.312987
23990249.746176	 -8584202.945968	 1908688.621489	 867.232235	 -310.312987	 -310.312987
24040549.215825	 -8602201.099191	 1912690.514298	 867.232235	 -310.312987	 -310.312987
24090848.685473	 -8620199.252414	 1916692.407108	 867.232235	 -310.312987	 -310.312987
24141148.155121	 -8638197.405637	 1920694.299918	 867.232235	 -310.312987	 -310.312987
24191447.624768	 -8656195.558860	 1924696.192728	 867.232235	 -310.312987	 -310.312987
24241747.094416	 -8674193.712083	 1928698.085537	 867.232235	 -310.312987	 -310.312987
24292046.564063	 -8692191.865305	 1932699.978347	 867.232235	 -310.312987	 -310.312987
24342346.033710	 -8710190.018528	 1936701.871157	 867.232235	 -310.312987	 -310.312987
24392645.503357	 -8728188.171751	 1940703.763966	 867.232235	 -310.312987	 -310.312987
24442944.973003	 -8746186.324973	 1944705.656776	 867.232235	 -310.312987	 -310.312987
24493244.442650	 -8764184.478196	 1948707.549586	 867.232235	 -310.312987	 -310.312987
24543543.912296	 -8782182.631418	 1952709.442395	 867.232235	 -310.312987	 -310.312987
24593843.381942	 -8800180.784640	 1956711.335205	 867.232235	 -310.312987	 -310.312987
24644142.851588	 -8818178.937862	 1960713.228014	 867.232235	 -310.312987	 -310.312987
24694442.321233	 -8836177.091085	 1964715.120824	 867.232235	 -310.312987	 -310.312987
24744741.790879	 -8854175.244307	 1968717.013633	 867.232235	 -310.312987	 -310.312987
24795041.260524	 -8872173.397529	 1972718.906443	 867.232235	 -310.312987	 -310.312987
24845340.730169	 -8890171.550751	 1976720.799252	 867.232235	 -310.312987	 -310.312987
24895640.199814	 -8908169.703972	 1980722.692062	 867.232235	 -310.312987	 -310.312987
24945939.669458	 -8926167.857194	 1984724.584871	 867.232235	 -310.312987	 -310.312987
24996239.139102	 -8944166.010416	 1988726.477681	 867.232235	 -310.312987	 -310.312987
25046538.608747	 -8962164.163637	 1992728.370490	 867.232235	 -310.312987	 -310.312987
25096838.078391	 -8980162.316859	 1996730.263300	 867.232235	 -310.312987	 -310.312987
25147137.548034	 -8998160.470081	 2000732.156109	 867.232235	 -310.312987	 -310.312987
