0.000000	 0.000000	 0.000000	 0.000000	 0.000000	 0.000000
-0.634954	 0.691017	 0.299584	 -4.906327	 -3.737352	 -1.620287
-0.659155	 0.671978	 0.291329	 -4.772764	 -3.878035	 -1.681279
-0.682675	 0.652245	 0.282774	 -4.634382	 -4.014610	 -1.740490
-0.705492	 0.631840	 0.273928	 -4.491339	 -4.146937	 -1.797859
-0.727583	 0.610785	 0.264800	 -4.343796	 -4.274881	 -1.853328
-0.748924	 0.589100	 0.255399	 -4.191919	 -4.398313	 -1.906840
-0.769496	 0.566810	 0.245735	 -4.035879	 -4.517108	 -1.958343
-0.789278	 0.543938	 0.235819	 -3.875850	 -4.631150	 -2.007785
-0.808250	 0.520508	 0.225661	 -3.712011	 -4.740325	 -2.055117
-0.826394	 0.496544	 0.215272	 -3.544543	 -4.844529	 -2.100293
-0.843692	 0.472072	 0.204662	 -3.373633	 -4.943661	 -2.143271
-0.860126	 0.447117	 0.193843	 -3.199469	 -5.037628	 -2.184009
-0.875683	 0.421706	 0.182826	 -3.022242	 -5.126343	 -2.222471
-0.890346	 0.395864	 0.171623	 -2.842146	 -5.209724	 -2.258620
-0.904102	 0.369618	 0.160244	 -2.659379	 -5.287697	 -2.292424
-0.916937	 0.342997	 0.148703	 -2.474138	 -5.360193	 -2.323854
-0.928841	 0.316026	 0.137010	 -2.286623	 -5.427151	 -2.352883
-0.939802	 0.288735	 0.125178	 -2.097036	 -5.488515	 -2.379487
-0.949810	 0.261151	 0.113220	 -1.905581	 -5.544237	 -2.403645
-0.958857	 0.233303	 0.101146	 -1.712460	 -5.594273	 -2.425337
-0.966934	 0.205218	 0.088971	 -1.517878	 -5.638588	 -2.444550
-0.974036	 0.176927	 0.076705	 -1.322041	 -5.677151	 -2.461269
-0.980155	 0.148457	 0.064362	 -1.125154	 -5.709941	 -2.475484
-0.985288	 0.119837	 0.051955	 -0.927421	 -5.736939	 -2.487189
-0.989430	 0.091097	 0.039495	 -0.729048	 -5.758136	 -2.496379
-0.992579	 0.062266	 0.026995	 -0.530240	 -5.773525	 -2.503051
-0.994734	 0.033372	 0.014468	 -0.331199	 -5.783111	 -2.507207
-0.995893	 0.004444	 0.001927	 -0.132129	 -5.786899	 -2.508849
-0.996058	 -0.024487	 -0.010616	 0.066768	 -5.784904	 -2.507984
-0.995228	 -0.053395	 -0.023148	 0.265294	 -5.777146	 -2.504621
-0.993408	 -0.082249	 -0.035658	 0.463249	 -5.763650	 -2.498770
-0.990599	 -0.111022	 -0.048132	 0.660436	 -5.744448	 -2.490445
-0.986807	 -0.139685	 -0.060558	 0.856661	 -5.719576	 -2.479662
-0.982036	 -0.168209	 -0.072925	 1.051731	 -5.689077	 -2.466440
-0.976294	 -0.196566	 -0.085219	 1.245456	 -5.652998	 -2.450798
-0.969586	 -0.224730	 -0.097429	 1.437649	 -5.611394	 -2.432761
-0.961922	 -0.252672	 -0.109543	 1.628124	 -5.564322	 -2.412354
-0.953310	 -0.280365	 -0.121549	 1.816699	 -5.511845	 -2.389603
-0.943760	 -0.307782	 -0.133435	 2.003196	 -5.454033	 -2.364539
-0.933284	 -0.334897	 -0.145191	 2.187438	 -5.390957	 -2.337194
-0.921892	 -0.361683	 -0.156804	 2.369252	 -5.322696	 -2.307600
-0.909597	 -0.388116	 -0.168263	 2.548470	 -5.249333	 -2.275794
-0.896414	 -0.414169	 -0.179558	 2.724925	 -5.170953	 -2.241813
-0.882355	 -0.439818	 -0.190678	 2.898456	 -5.087648	 -2.205697
-0.867436	 -0.465038	 -0.201612	 3.068903	 -4.999513	 -2.167487
-0.851673	 -0.489806	 -0.212350	 3.236114	 -4.906646	 -2.127226
-0.835082	 -0.514098	 -0.222881	 3.399936	 -4.809152	 -2.084959
-0.817681	 -0.537891	 -0.233197	 3.560224	 -4.707135	 -2.040731
-0.799488	 -0.561163	 -0.243286	 3.716836	 -4.600708	 -1.994590
-0.780521	 -0.583892	 -0.253140	 3.869632	 -4.489982	 -1.946586
-0.760799	 -0.606057	 -0.262749	 4.018479	 -4.375075	 -1.896769
-0.740344	 -0.627637	 -0.272105	 4.163249	 -4.256106	 -1.845192
-0.719175	 -0.648613	 -0.281199	 4.303814	 -4.133200	 -1.791907
-0.697314	 -0.668964	 -0.290022	 4.440055	 -4.006481	 -1.736969
-0.674783	 -0.688673	 -0.298567	 4.571856	 -3.876078	 -1.680435
-0.651605	 -0.707720	 -0.306824	 4.699104	 -3.742123	 -1.622360
-0.627801	 -0.726090	 -0.314788	 4.821693	 -3.604749	 -1.562803
-0.603397	 -0.743764	 -0.322451	 4.939521	 -3.464092	 -1.501823
-0.578415	 -0.760727	 -0.329805	 5.052489	 -3.320290	 -1.439479
-0.552881	 -0.776963	 -0.336844	 5.160504	 -3.173483	 -1.375832
-0.526820	 -0.792458	 -0.343562	 5.263478	 -3.023814	 -1.310945
-0.500256	 -0.807198	 -0.349952	 5.361328	 -2.871426	 -1.244879
-0.473216	 -0.821170	 -0.356009	 5.453974	 -2.716466	 -1.177697
-0.445726	 -0.834361	 -0.361728	 5.541342	 -2.559080	 -1.109465
-0.417813	 -0.846758	 -0.367103	 5.623362	 -2.399418	 -1.040245
-0.389502	 -0.858353	 -0.372130	 5.699971	 -2.237628	 -0.970103
-0.360823	 -0.869133	 -0.376803	 5.771108	 -2.073863	 -0.899104
-0.331801	 -0.879090	 -0.381120	 5.836719	 -1.908275	 -0.827315
-0.302465	 -0.888215	 -0.385076	 5.896753	 -1.741018	 -0.754802
-0.272844	 -0.896499	 -0.388668	 5.951164	 -1.572244	 -0.681632
-0.242964	 -0.903937	 -0.391892	 5.999912	 -1.402110	 -0.607873
-0.212854	 -0.910520	 -0.394746	 6.042961	 -1.230771	 -0.533590
-0.182544	 -0.916244	 -0.397228	 6.080281	 -1.058383	 -0.458853
-0.152062	 -0.921104	 -0.399335	 6.111843	 -0.885102	 -0.383729
-0.121436	 -0.925096	 -0.401065	 6.137628	 -0.711087	 -0.308287
-0.090695	 -0.928216	 -0.402418	 6.157619	 -0.536493	 -0.232593
-0.059869	 -0.930462	 -0.403392	 6.171802	 -0.361478	 -0.156717
-0.028987	 -0.931832	 -0.403986	 6.180171	 -0.186199	 -0.080727
0.001923	 -0.932325	 -0.404200	 6.182723	 -0.010815	 -0.004691
0.032831	 -0.931942	 -0.404034	 6.179461	 0.164519	 0.071323
0.063708	 -0.930682	 -0.403488	 6.170390	 0.339646	 0.147247
0.094525	 -0.928548	 -0.402562	 6.155523	 0.514408	 0.223014
0.125253	 -0.925541	 -0.401259	 6.134874	 0.688650	 0.298555
0.155864	 -0.921664	 -0.399578	 6.108466	 0.862217	 0.373803
0.186329	 -0.916922	 -0.397522	 6.076323	 1.034953	 0.448690
0.216618	 -0.911318	 -0.395092	 6.038474	 1.206705	 0.523152
0.246705	 -0.904858	 -0.392292	 5.994955	 1.377319	 0.597120
0.276559	 -0.897549	 -0.389123	 5.945804	 1.546643	 0.670528
0.306154	 -0.889396	 -0.385588	 5.891064	 1.714526	 0.743312
0.335461	 -0.880408	 -0.381692	 5.830784	 1.880817	 0.815406
0.364453	 -0.870592	 -0.377436	 5.765016	 2.045367	 0.886745
0.393103	 -0.859959	 -0.372826	 5.693816	 2.208030	 0.957266
0.421383	 -0.848517	 -0.367866	 5.617246	 2.368657	 1.026904
0.449267	 -0.836277	 -0.362559	 5.535371	 2.527106	 1.095598
0.476729	 -0.823251	 -0.356912	 5.448261	 2.683231	 1.163284
0.503742	 -0.809451	 -0.350929	 5.355990	 2.836893	 1.229903
0.530281	 -0.794888	 -0.344616	 5.258638	 2.987951	 1.295392
0.556321	 -0.779577	 -0.337978	 5.156286	 3.136266	 1.359693
0.581837	 -0.763532	 -0.331021	 5.049021	 3.281704	 1.422746
0.606804	 -0.746767	 -0.323753	 4.936936	 3.424129	 1.484493
0.631200	 -0.729297	 -0.316179	 4.820125	 3.563411	 1.544877
0.654999	 -0.711140	 -0.308307	 4.698687	 3.699419	 1.603842
0.678180	 -0.692310	 -0.300144	 4.572726	 3.832027	 1.661333
0.700720	 -0.672826	 -0.291697	 4.442349	 3.961110	 1.717296
0.722598	 -0.652706	 -0.282974	 4.307669	 4.086545	 1.771677
0.743791	 -0.631969	 -0.273984	 4.168799	 4.208212	 1.824424
0.764280	 -0.610632	 -0.264733	 4.025861	 4.325996	 1.875488
0.784045	 -0.588716	 -0.255232	 3.878976	 4.439781	 1.924819
0.803065	 -0.566242	 -0.245489	 3.728271	 4.549457	 1.972368
0.821323	 -0.543230	 -0.235512	 3.573877	 4.654915	 2.018088
0.838800	 -0.519701	 -0.225311	 3.415929	 4.756051	 2.061935
0.855478	 -0.495678	 -0.214896	 3.254563	 4.852763	 2.103863
0.871341	 -0.471182	 -0.204276	 3.089922	 4.944953	 2.143831
0.886374	 -0.446237	 -0.193462	 2.922149	 5.032526	 2.181797
0.900560	 -0.420865	 -0.182462	 2.751394	 5.115390	 2.217722
0.913885	 -0.395092	 -0.171288	 2.577806	 5.193458	 2.251568
0.926335	 -0.368940	 -0.159950	 2.401542	 5.266646	 2.283298
0.937898	 -0.342434	 -0.148459	 2.222758	 5.334873	 2.312877
0.948560	 -0.315600	 -0.136826	 2.041615	 5.398065	 2.340273
0.958312	 -0.288463	 -0.125060	 1.858276	 5.456148	 2.365455
0.967142	 -0.261048	 -0.113175	 1.672908	 5.509056	 2.388393
0.975040	 -0.233381	 -0.101180	 1.485681	 5.556724	 2.409059
0.981998	 -0.205490	 -0.089088	 1.296765	 5.599094	 2.427428
0.988007	 -0.177400	 -0.076910	 1.106335	 5.636111	 2.443476
0.993061	 -0.149138	 -0.064658	 0.914568	 5.667725	 2.457182
0.997153	 -0.120732	 -0.052342	 0.721641	 5.693891	 2.468526
1.000277	 -0.092209	 -0.039976	 0.527737	 5.714567	 2.477490
1.002431	 -0.063596	 -0.027572	 0.333037	 5.729719	 2.484059
1.003609	 -0.034921	 -0.015140	 0.137727	 5.739316	 2.488220
1.003809	 -0.006212	 -0.002693	 -0.058008	 5.743331	 2.489961
1.003030	 0.022503	 0.009756	 -0.253979	 5.741745	 2.489273
1.001271	 0.051196	 0.022195	 -0.449997	 5.734543	 2.486151
0.998532	 0.079839	 0.034613	 -0.645872	 5.721713	 2.480589
0.994815	 0.108404	 0.046997	 -0.841413	 5.703252	 2.472585
0.990121	 0.136863	 0.059335	 -1.036427	 5.679160	 2.462140
0.984454	 0.165187	 0.071615	 -1.230721	 5.649444	 2.449257
0.977817	 0.193348	 0.083824	 -1.424102	 5.614116	 2.433941
0.970217	 0.221319	 0.095950	 -1.616377	 5.573192	 2.416200
0.961658	 0.249071	 0.107982	 -1.807351	 5.526697	 2.396042
0.952147	 0.276577	 0.119907	 -1.996831	 5.474660	 2.373482
0.941694	 0.303809	 0.131713	 -2.184623	 5.417114	 2.348534
0.930306	 0.330740	 0.143388	 -2.370534	 5.354102	 2.321215
0.917994	 0.357342	 0.154921	 -2.554373	 5.285668	 2.291547
0.904768	 0.383588	 0.166300	 -2.735948	 5.211865	 2.259550
0.890640	 0.409452	 0.177513	 -2.915070	 5.132752	 2.225252
0.875624	 0.434908	 0.188549	 -3.091549	 5.048392	 2.188679
0.859731	 0.459928	 0.199397	 -3.265199	 4.958855	 2.149861
0.842978	 0.484489	 0.210045	 -3.435834	 4.864218	 2.108832
0.825380	 0.508563	 0.220482	 -3.603272	 4.764560	 2.065626
0.806953	 0.532127	 0.230698	 -3.767332	 4.659970	 2.020283
0.787714	 0.555156	 0.240682	 -3.927835	 4.550542	 1.972841
0.767682	 0.577626	 0.250423	 -4.084607	 4.436372	 1.923344
0.746876	 0.599513	 0.259912	 -4.237476	 4.317567	 1.871838
0.725316	 0.620795	 0.269139	 -4.386271	 4.194237	 1.818369
0.703022	 0.641449	 0.278093	 -4.530829	 4.066497	 1.762989
0.680016	 0.661454	 0.286766	 -4.670986	 3.934467	 1.705749
0.656321	 0.680788	 0.295148	 -4.806587	 3.798276	 1.646704
0.631960	 0.699432	 0.303231	 -4.937476	 3.658054	 1.585913
0.606956	 0.717364	 0.311005	 -5.063505	 3.513938	 1.523433
0.581334	 0.734566	 0.318463	 -5.184531	 3.366070	 1.459326
0.555120	 0.751020	 0.325597	 -5.300412	 3.214597	 1.393657
0.528340	 0.766708	 0.332398	 -5.411017	 3.059671	 1.326490
0.501020	 0.781613	 0.338860	 -5.516214	 2.901447	 1.257894
0.473188	 0.795719	 0.344975	 -5.615883	 2.740087	 1.187938
0.444872	 0.809010	 0.350738	 -5.709903	 2.575754	 1.116693
0.416100	 0.821473	 0.356141	 -5.798166	 2.408618	 1.044233
0.386901	 0.833094	 0.361179	 -5.880564	 2.238851	 0.970633
0.357305	 0.843859	 0.365846	 -5.956999	 2.066631	 0.895968
0.327342	 0.853758	 0.370138	 -6.027379	 1.892136	 0.820318
0.297042	 0.862779	 0.374049	 -6.091618	 1.715549	 0.743761
0.266436	 0.870912	 0.377575	 -6.149637	 1.537058	 0.666378
0.235556	 0.878149	 0.380712	 -6.201364	 1.356851	 0.588251
0.204434	 0.884480	 0.383457	 -6.246735	 1.175119	 0.509463
0.173100	 0.889899	 0.385806	 -6.285692	 0.992056	 0.430098
0.141588	 0.894401	 0.387758	 -6.318184	 0.807859	 0.350241
0.109930	 0.897978	 0.389309	 -6.344170	 0.622724	 0.269978
0.078157	 0.900628	 0.390458	 -6.363613	 0.436851	 0.189395
0.046305	 0.902348	 0.391203	 -6.376488	 0.250441	 0.108579
0.014404	 0.903134	 0.391544	 -6.382773	 0.063694	 0.027617
-0.017512	 0.902986	 0.391480	 -6.382458	 -0.123186	 -0.053403
-0.049410	 0.901904	 0.391011	 -6.375538	 -0.309998	 -0.134394
-0.081257	 0.899889	 0.390137	 -6.362017	 -0.496538	 -0.215266
-0.113019	 0.896942	 0.388860	 -6.341905	 -0.682604	 -0.295933
-0.144665	 0.893066	 0.387179	 -6.315224	 -0.867993	 -0.376307
-0.176161	 0.888265	 0.385098	 -6.281999	 -1.052505	 -0.456300
-0.207474	 0.882544	 0.382618	 -6.242266	 -1.235937	 -0.535825
-0.238573	 0.875910	 0.379741	 -6.196068	 -1.418091	 -0.614796
-0.269425	 0.868368	 0.376472	 -6.143455	 -1.598769	 -0.693127
-0.299998	 0.859926	 0.372812	 -6.084485	 -1.777774	 -0.770733
-0.330260	 0.850595	 0.368767	 -6.019224	 -1.954913	 -0.847529
-0.360180	 0.840382	 0.364339	 -5.947744	 -2.129994	 -0.923434
-0.389728	 0.829300	 0.359535	 -5.870126	 -2.302827	 -0.998364
-0.418872	 0.817360	 0.354358	 -5.786458	 -2.473226	 -1.072239
-0.447583	 0.804574	 0.348815	 -5.696834	 -2.641009	 -1.144979
-0.475832	 0.790956	 0.342911	 -5.601356	 -2.805995	 -1.216507
-0.503588	 0.776521	 0.336653	 -5.500133	 -2.968007	 -1.286746
-0.530825	 0.761283	 0.330046	 -5.393278	 -3.126874	 -1.355621
-0.557513	 0.745259	 0.323099	 -5.280913	 -3.282427	 -1.423060
-0.583626	 0.728466	 0.315819	 -5.163167	 -3.434502	 -1.488990
-0.609137	 0.710922	 0.308213	 -5.040172	 -3.582938	 -1.553343
