18.382224	 -7.257018	 -3.438335	 0.564047	 1.145108	 0.493588
18.611179	 -6.773019	 -3.229578	 0.526070	 1.159512	 0.500434
18.824096	 -6.283182	 -3.018038	 0.487678	 1.172903	 0.506841
19.020807	 -5.787934	 -2.803899	 0.448900	 1.185273	 0.512807
19.201155	 -5.287706	 -2.587347	 0.409765	 1.196614	 0.518328
19.364997	 -4.782932	 -2.368570	 0.370303	 1.206920	 0.523400
19.512201	 -4.274047	 -2.147759	 0.330542	 1.216184	 0.528019
19.642648	 -3.761491	 -1.925102	 0.290512	 1.224400	 0.532183
19.756232	 -3.245705	 -1.700792	 0.250242	 1.231564	 0.535890
19.852856	 -2.727132	 -1.475022	 0.209762	 1.237669	 0.539136
19.932440	 -2.206216	 -1.247985	 0.169101	 1.242712	 0.541920
19.994914	 -1.683407	 -1.019876	 0.128288	 1.246689	 0.544238
20.040220	 -1.159150	 -0.790892	 0.087355	 1.249596	 0.546090
20.068314	 -0.633898	 -0.561228	 0.046330	 1.251431	 0.547474
20.079163	 -0.108100	 -0.331081	 0.005243	 1.252192	 0.548387
20.072748	 0.417792	 -0.100649	 -0.035876	 1.251876	 0.548830
20.049061	 0.943326	 0.129870	 -0.076996	 1.250482	 0.548800
20.008109	 1.468047	 0.360277	 -0.118087	 1.248009	 0.548298
19.949911	 1.991505	 0.590374	 -0.159120	 1.244457	 0.547322
19.874496	 2.513244	 0.819963	 -0.200062	 1.239827	 0.545873
19.781909	 3.032813	 1.048842	 -0.240885	 1.234119	 0.543949
19.672208	 3.549758	 1.276815	 -0.281557	 1.227334	 0.541552
19.545461	 4.063629	 1.503682	 -0.322048	 1.219475	 0.538682
19.401751	 4.573974	 1.729245	 -0.362326	 1.210543	 0.535339
19.241175	 5.080343	 1.953304	 -0.402361	 1.200542	 0.531524
19.063840	 5.582289	 2.175662	 -0.442121	 1.189475	 0.527239
18.869869	 6.079363	 2.396122	 -0.481576	 1.177347	 0.522484
18.659396	 6.571122	 2.614488	 -0.520693	 1.164162	 0.517262
18.432571	 7.057123	 2.830562	 -0.559443	 1.149926	 0.511574
18.189553	 7.536926	 3.044150	 -0.597792	 1.134644	 0.505423
17.930518	 8.010092	 3.255058	 -0.635709	 1.118325	 0.498810
17.655654	 8.476188	 3.463092	 -0.673163	 1.100974	 0.491740
17.365162	 8.934782	 3.668062	 -0.710122	 1.082600	 0.484215
17.059256	 9.385447	 3.869776	 -0.746554	 1.063213	 0.476238
16.738165	 9.827757	 4.068045	 -0.782427	 1.042821	 0.467813
16.402130	 10.261294	 4.262683	 -0.817709	 1.021434	 0.458944
16.051406	 10.685643	 4.453504	 -0.852368	 0.999065	 0.449636
15.686262	 11.100392	 4.640325	 -0.886372	 0.975724	 0.439893
15.306978	 11.505137	 4.822963	 -0.919689	 0.951425	 0.429721
14.913851	 11.899477	 5.001240	 -0.952287	 0.926180	 0.419124
14.507189	 12.283019	 5.174978	 -0.984134	 0.900005	 0.408110
14.087314	 12.655375	 5.344003	 -1.015198	 0.872914	 0.396683
13.654563	 13.016164	 5.508144	 -1.045447	 0.844923	 0.384850
13.209282	 13.365011	 5.667232	 -1.074850	 0.816050	 0.372619
12.751836	 13.701550	 5.821100	 -1.103374	 0.786312	 0.359997
12.282599	 14.025420	 5.969586	 -1.130989	 0.755729	 0.346992
11.801959	 14.336272	 6.112532	 -1.157663	 0.724319	 0.333611
11.310320	 14.633762	 6.249780	 -1.183365	 0.692105	 0.319864
10.808095	 14.917558	 6.381179	 -1.208063	 0.659107	 0.305760
10.295712	 15.187334	 6.506582	 -1.231729	 0.625349	 0.291309
9.773611	 15.442777	 6.625844	 -1.254331	 0.590855	 0.276520
9.242245	 15.683582	 6.738825	 -1.275840	 0.555650	 0.261404
8.702080	 15.909457	 6.845392	 -1.296226	 0.519759	 0.245972
8.153593	 16.120118	 6.945412	 -1.315461	 0.483210	 0.230235
7.597273	 16.315296	 7.038761	 -1.333517	 0.446031	 0.214206
7.033623	 16.494731	 7.125319	 -1.350364	 0.408252	 0.197896
6.463154	 16.658179	 7.204970	 -1.365978	 0.369902	 0.181320
5.886391	 16.805406	 7.277606	 -1.380330	 0.331014	 0.164490
5.303868	 16.936193	 7.343122	 -1.393396	 0.291621	 0.147420
4.716132	 17.050335	 7.401422	 -1.405150	 0.251755	 0.130125
4.123739	 17.147640	 7.452412	 -1.415568	 0.211453	 0.112620
3.527253	 17.227933	 7.496010	 -1.424628	 0.170750	 0.094920
2.927251	 17.291054	 7.532135	 -1.432308	 0.129683	 0.077041
2.324317	 17.336856	 7.560717	 -1.438586	 0.088292	 0.059000
1.719042	 17.365214	 7.581690	 -1.443443	 0.046614	 0.040814
1.112029	 17.376013	 7.594998	 -1.446861	 0.004692	 0.022500
0.503886	 17.369161	 7.600590	 -1.448821	 -0.037435	 0.004076
-0.104773	 17.344581	 7.598425	 -1.449308	 -0.079722	 -0.014439
-0.713325	 17.302214	 7.588467	 -1.448307	 -0.122128	 -0.033026
-1.321142	 17.242019	 7.570691	 -1.445806	 -0.164606	 -0.051667
-1.927593	 17.163977	 7.545078	 -1.441794	 -0.207112	 -0.070342
-2.532040	 17.068084	 7.511618	 -1.436260	 -0.249599	 -0.089029
-3.133842	 16.954358	 7.470309	 -1.429196	 -0.292021	 -0.107710
-3.732356	 16.822837	 7.421161	 -1.420597	 -0.334329	 -0.126363
-4.326936	 16.673579	 7.364187	 -1.410457	 -0.376476	 -0.144966
-4.916933	 16.506663	 7.299415	 -1.398775	 -0.418410	 -0.163498
-5.501701	 16.322186	 7.226877	 -1.385551	 -0.460084	 -0.181938
-6.080592	 16.120271	 7.146618	 -1.370785	 -0.501446	 -0.200264
-6.652959	 15.901057	 7.058690	 -1.354482	 -0.542446	 -0.218452
-7.218157	 15.664709	 6.963156	 -1.336648	 -0.583032	 -0.236481
-7.775546	 15.411409	 6.860087	 -1.317291	 -0.623154	 -0.254328
-8.324487	 15.141365	 6.749564	 -1.296422	 -0.662759	 -0.271970
-8.864349	 14.854804	 6.631679	 -1.274053	 -0.701797	 -0.289385
-9.394504	 14.551975	 6.506531	 -1.250200	 -0.740216	 -0.306549
-9.914332	 14.233148	 6.374230	 -1.224881	 -0.777964	 -0.323441
-10.423223	 13.898617	 6.234896	 -1.198114	 -0.814990	 -0.340036
-10.920572	 13.548696	 6.088658	 -1.169924	 -0.851244	 -0.356314
-11.405787	 13.183718	 5.935654	 -1.140334	 -0.886675	 -0.372251
-11.878286	 12.804041	 5.776032	 -1.109373	 -0.921233	 -0.387825
-12.337499	 12.410040	 5.609948	 -1.077070	 -0.954869	 -0.403014
-12.782869	 12.002114	 5.437569	 -1.043457	 -0.987536	 -0.417797
-13.213853	 11.580679	 5.259070	 -1.008569	 -1.019186	 -0.432153
-13.629923	 11.146172	 5.074635	 -0.972443	 -1.049773	 -0.446060
-14.030568	 10.699050	 4.884457	 -0.935119	 -1.079252	 -0.459499
-14.415294	 10.239786	 4.688735	 -0.896639	 -1.107579	 -0.472450
-14.783622	 9.768874	 4.487680	 -0.857046	 -1.134712	 -0.484894
-15.135096	 9.286824	 4.281508	 -0.816386	 -1.160610	 -0.496812
-15.469278	 8.794161	 4.070444	 -0.774708	 -1.185235	 -0.508187
-15.785751	 8.291430	 3.854719	 -0.732063	 -1.208548	 -0.519001
-16.084119	 7.779188	 3.634573	 -0.688502	 -1.230516	 -0.529238
-16.364009	 7.258008	 3.410250	 -0.644080	 -1.251104	 -0.538883
-16.625071	 6.728475	 3.182003	 -0.598852	 -1.270281	 -0.547922
-16.866979	 6.191190	 2.950090	 -0.552877	 -1.288017	 -0.556340
-17.089430	 5.646761	 2.714773	 -0.506213	 -1.304287	 -0.564126
-17.292149	 5.095810	 2.476321	 -0.458920	 -1.319065	 -0.571267
-17.474884	 4.538970	 2.235006	 -0.411061	 -1.332330	 -0.577753
-17.637410	 3.976879	 1.991106	 -0.362698	 -1.344061	 -0.583575
-17.779529	 3.410185	 1.744902	 -0.313895	 -1.354241	 -0.588724
-17.901071	 2.839543	 1.496678	 -0.264717	 -1.362857	 -0.593192
-18.001890	 2.265613	 1.246720	 -0.215229	 -1.369895	 -0.596974
-18.081870	 1.689058	 0.995319	 -0.165497	 -1.375348	 -0.600065
-18.140924	 1.110548	 0.742765	 -0.115587	 -1.379207	 -0.602461
-18.178990	 0.530751	 0.489352	 -0.065566	 -1.381469	 -0.604158
-18.196035	 -0.049661	 0.235371	 -0.015500	 -1.382133	 -0.605156
-18.192055	 -0.630017	 -0.018881	 0.034544	 -1.381200	 -0.605455
-18.167072	 -1.209647	 -0.273113	 0.084500	 -1.378674	 -0.605055
-18.121138	 -1.787884	 -0.527030	 0.134303	 -1.374562	 -0.603957
-18.054330	 -2.364062	 -0.780341	 0.183886	 -1.368873	 -0.602166
-17.966755	 -2.937523	 -1.032755	 0.233184	 -1.361619	 -0.599685
-17.858545	 -3.507612	 -1.283983	 0.282136	 -1.352814	 -0.596521
-17.729860	 -4.073680	 -1.533740	 0.330676	 -1.342475	 -0.592678
-17.580884	 -4.635088	 -1.781743	 0.378744	 -1.330622	 -0.588166
-17.411829	 -5.191204	 -2.027711	 0.426279	 -1.317276	 -0.582992
-17.222932	 -5.741406	 -2.271369	 0.473222	 -1.302460	 -0.577166
-17.014453	 -6.285082	 -2.512446	 0.519514	 -1.286201	 -0.570698
-16.786678	 -6.821631	 -2.750673	 0.565101	 -1.268527	 -0.563601
-16.539913	 -7.350465	 -2.985790	 0.609926	 -1.249467	 -0.555886
-16.274491	 -7.871010	 -3.217540	 0.653938	 -1.229053	 -0.547567
-15.990763	 -8.382703	 -3.445672	 0.697085	 -1.207320	 -0.538658
-15.689103	 -8.884998	 -3.669940	 0.739318	 -1.184302	 -0.529173
-15.369905	 -9.377362	 -3.890106	 0.780591	 -1.160037	 -0.519128
-15.033582	 -9.859280	 -4.105939	 0.820857	 -1.134562	 -0.508539
-14.680565	 -10.330252	 -4.317214	 0.860075	 -1.107918	 -0.497423
-14.311304	 -10.789796	 -4.523713	 0.898203	 -1.080145	 -0.485797
-13.926264	 -11.237446	 -4.725224	 0.935203	 -1.051285	 -0.473679
-13.525927	 -11.672754	 -4.921547	 0.971037	 -1.021382	 -0.461088
-13.110790	 -12.095292	 -5.112485	 1.005673	 -0.990479	 -0.448042
-12.681363	 -12.504649	 -5.297852	 1.039077	 -0.958622	 -0.434560
-12.238169	 -12.900434	 -5.477469	 1.071221	 -0.925855	 -0.420662
-11.781745	 -13.282274	 -5.651165	 1.102076	 -0.892225	 -0.406368
-11.312635	 -13.649817	 -5.818778	 1.131617	 -0.857777	 -0.391698
-10.831398	 -14.002729	 -5.980154	 1.159821	 -0.822561	 -0.376671
-10.338598	 -14.340696	 -6.135148	 1.186668	 -0.786621	 -0.361309
-9.834812	 -14.663426	 -6.283622	 1.212137	 -0.750005	 -0.345632
-9.320619	 -14.970644	 -6.425450	 1.236214	 -0.712762	 -0.329659
-8.796609	 -15.262096	 -6.560511	 1.258883	 -0.674938	 -0.313413
-8.263375	 -15.537549	 -6.688695	 1.280131	 -0.636581	 -0.296912
-7.721516	 -15.796789	 -6.809899	 1.299949	 -0.597738	 -0.280179
-7.171635	 -16.039620	 -6.924030	 1.318328	 -0.558455	 -0.263233
-6.614338	 -16.265869	 -7.031002	 1.335261	 -0.518780	 -0.246094
-6.050233	 -16.475381	 -7.130739	 1.350743	 -0.478759	 -0.228784
-5.479930	 -16.668019	 -7.223174	 1.364773	 -0.438437	 -0.211321
-4.904039	 -16.843666	 -7.308245	 1.377348	 -0.397861	 -0.193726
-4.323171	 -17.002226	 -7.385903	 1.388470	 -0.357074	 -0.176019
-3.737936	 -17.143619	 -7.456103	 1.398140	 -0.316121	 -0.158218
-3.148943	 -17.267785	 -7.518811	 1.406363	 -0.275045	 -0.140343
-2.556799	 -17.374681	 -7.573998	 1.413143	 -0.233890	 -0.122413
-1.962109	 -17.464282	 -7.621647	 1.418488	 -0.192698	 -0.104446
-1.365473	 -17.536582	 -7.661746	 1.422406	 -0.151509	 -0.086461
-0.767489	 -17.591591	 -7.694289	 1.424906	 -0.110366	 -0.068475
-0.168750	 -17.629335	 -7.719282	 1.425999	 -0.069306	 -0.050507
0.430155	 -17.649860	 -7.736735	 1.425698	 -0.028371	 -0.032573
1.028643	 -17.653224	 -7.746665	 1.424015	 0.012403	 -0.014690
1.626138	 -17.639503	 -7.749099	 1.420965	 0.052979	 0.003125
2.222068	 -17.608789	 -7.744067	 1.416563	 0.093318	 0.020856
2.815868	 -17.561187	 -7.731608	 1.410825	 0.133387	 0.038488
3.406981	 -17.496820	 -7.711768	 1.403769	 0.173150	 0.056004
3.994858	 -17.415822	 -7.684598	 1.395412	 0.212574	 0.073390
4.578956	 -17.318342	 -7.650156	 1.385775	 0.251626	 0.090631
5.158741	 -17.204545	 -7.608505	 1.374875	 0.290274	 0.107712
5.733687	 -17.074605	 -7.559716	 1.362735	 0.328487	 0.124621
6.303278	 -16.928713	 -7.503863	 1.349374	 0.366234	 0.141343
6.867006	 -16.767070	 -7.441029	 1.334816	 0.403487	 0.157866
7.424371	 -16.589888	 -7.371300	 1.319081	 0.440217	 0.174176
7.974886	 -16.397395	 -7.294767	 1.302193	 0.476396	 0.190261
8.518070	 -16.189826	 -7.211527	 1.284176	 0.511999	 0.206110
9.053455	 -15.967430	 -7.121682	 1.265053	 0.546999	 0.221710
9.580580	 -15.730464	 -7.025340	 1.244849	 0.581371	 0.237051
10.098997	 -15.479198	 -6.922610	 1.223588	 0.615092	 0.252121
10.608267	 -15.213909	 -6.813610	 1.201295	 0.648138	 0.266910
11.107963	 -14.934887	 -6.698459	 1.177996	 0.680486	 0.281408
11.597667	 -14.642428	 -6.577282	 1.153718	 0.712115	 0.295604
12.076973	 -14.336840	 -6.450207	 1.128484	 0.743005	 0.309491
12.545486	 -14.018436	 -6.317366	 1.102323	 0.773134	 0.323057
13.002821	 -13.687541	 -6.178896	 1.075261	 0.802484	 0.336295
13.448606	 -13.344485	 -6.034937	 1.047324	 0.831037	 0.349195
13.882478	 -12.989608	 -5.885631	 1.018540	 0.858773	 0.361751
14.304089	 -12.623256	 -5.731126	 0.988935	 0.885676	 0.373953
14.713098	 -12.245781	 -5.571571	 0.958537	 0.911730	 0.385794
15.109179	 -11.857545	 -5.407120	 0.927375	 0.936919	 0.397267
15.492016	 -11.458913	 -5.237929	 0.895474	 0.961227	 0.408365
15.861305	 -11.050259	 -5.064156	 0.862864	 0.984641	 0.419081
16.216753	 -10.631962	 -4.885964	 0.829571	 1.007145	 0.429408
16.558081	 -10.204405	 -4.703517	 0.795625	 1.028728	 0.439341
16.885020	 -9.767979	 -4.516982	 0.761053	 1.049376	 0.448873
17.197311	 -9.323079	 -4.326528	 0.725884	 1.069077	 0.458000
17.494712	 -8.870105	 -4.132328	 0.690146	 1.087820	 0.466714
17.776988	 -8.409461	 -3.934554	 0.653867	 1.105595	 0.475012
18.043919	 -7.941556	 -3.733383	 0.617076	 1.122390	 0.482888
18.295295	 -7.466805	 -3.528994	 0.579801	 1.138196	 0.490338
