0.065511	 -0.658974	 -0.300618	 7.303040	 0.749991	 0.749991
7.368552	 0.091017	 -0.425368	 -37.689514	 453.327991	 453.327991
-30.320962	 453.419008	 205.912130	 -1824.009059	 431.263226	 431.263226
-1854.330021	 884.682234	 515.369399	 -1824.008994	 431.262257	 431.262257
-3678.339015	 1315.944492	 824.826227	 -1824.008741	 431.262137	 431.262137
-5502.347757	 1747.206629	 1134.282986	 -1824.008619	 431.262093	 431.262093
-7326.356376	 2178.468722	 1443.739716	 -1824.008549	 431.262071	 431.262071
-9150.364925	 2609.730793	 1753.196432	 -1824.008503	 431.262057	 431.262057
-10974.373428	 3040.992850	 2062.653140	 -1824.008472	 431.262048	 431.262048
-12798.381900	 3472.254898	 2372.109841	 -1824.008448	 431.262042	 431.262042
-14622.390348	 3903.516940	 2681.566538	 -1824.008430	 431.262037	 431.262037
-16446.398779	 4334.778977	 2991.023231	 -1824.008416	 431.262033	 431.262033
-18270.407195	 4766.041010	 3300.479922	 -1824.008405	 431.262030	 431.262030
-20094.415600	 5197.303040	 3609.936611	 -1824.008395	 431.262028	 431.262028
-21918.423995	 5628.565068	 3919.393298	 -1824.008387	 431.262026	 431.262026
-23742.432383	 6059.827094	 4228.849984	 -1824.008381	 431.262024	 431.262024
-25566.440763	 6491.089117	 4538.306668	 -1824.008375	 431.262022	 431.262022
-27390.449138	 6922.351140	 4847.763352	 -1824.008370	 431.262021	 431.262021
-29214.457508	 7353.613161	 5157.220034	 -1824.008365	 431.262020	 431.262020
-31038.465873	 7784.875181	 5466.676716	 -1824.008361	 431.262019	 431.262019
-32862.474234	 8216.137200	 5776.133397	 -1824.008358	 431.262018	 431.262018
-34686.482592	 8647.399218	 6085.590078	 -1824.008354	 431.262017	 431.262017
-36510.490946	 9078.661235	 6395.046757	 -1824.008352	 431.262017	 431.262017
-38334.499298	 9509.923252	 6704.503437	 -1824.008349	 431.262016	 431.262016
-40158.507647	 9941.185268	 7013.960116	 -1824.008347	 431.262015	 431.262015
-41982.515993	 10372.447283	 7323.416794	 -1824.008344	 431.262015	 431.262015
-43806.524338	 10803.709298	 7632.873472	 -1824.008342	 431.262014	 431.262014
-45630.532680	 11234.971312	 7942.330150	 -1824.008341	 431.262014	 431.262014
-47454.541021	 11666.233326	 8251.786828	 -1824.008339	 431.262013	 431.262013
-49278.549360	 12097.495339	 8561.243505	 -1824.008337	 431.262013	 431.262013
-51102.557697	 12528.757352	 8870.700182	 -1824.008336	 431.262013	 431.262013
-52926.566033	 12960.019365	 9180.156858	 -1824.008335	 431.262012	 431.262012
-54750.574367	 13391.281377	 9489.613534	 -1824.008333	 431.262012	 431.262012
-56574.582701	 13822.543389	 9799.070211	 -1824.008332	 431.262012	 431.262012
-58398.591033	 14253.805401	 10108.526887	 -1824.008331	 431.262011	 431.262011
-60222.599364	 14685.067412	 10417.983562	 -1824.008330	 431.262011	 431.262011
-62046.607693	 15116.329423	 10727.440238	 -1824.008329	 431.262011	 431.262011
-63870.616022	 15547.591434	 11036.896913	 -1824.008328	 431.262011	 431.262011
-65694.624350	 15978.853445	 11346.353589	 -1824.008327	 431.262010	 431.262010
-67518.632677	 16410.115456	 11655.810264	 -1824.008326	 431.262010	 431.262010
-69342.641004	 16841.377466	 11965.266939	 -1824.008325	 431.262010	 431.262010
-71166.649329	 17272.639476	 12274.723613	 -1824.008325	 431.262010	 431.262010
-72990.657654	 17703.901486	 12584.180288	 -1824.008324	 431.262010	 431.262010
-74814.665977	 18135.163496	 12893.636963	 -1824.008323	 431.262010	 431.262010
-76638.674301	 18566.425505	 13203.093637	 -1824.008323	 431.262009	 431.262009
-78462.682623	 18997.687515	 13512.550311	 -1824.008322	 431.262009	 431.262009
-80286.690945	 19428.949524	 13822.006985	 -1824.008321	 431.262009	 431.262009
-82110.699267	 19860.211533	 14131.463660	 -1824.008321	 431.262009	 431.262009
-83934.707588	 20291.473542	 14440.920334	 -1824.008320	 431.262009	 431.262009
-85758.715908	 20722.735551	 14750.377007	 -1824.008320	 431.262009	 431.262009
-87582.724228	 21153.997560	 15059.833681	 -1824.008319	 431.262009	 431.262009
-89406.732547	 21585.259568	 15369.290355	 -1824.008319	 431.262008	 431.262008
-91230.740866	 22016.521577	 15678.747029	 -1824.008318	 431.262008	 431.262008
-93054.749184	 22447.783585	 15988.203702	 -1824.008318	 431.262008	 431.262008
-94878.757502	 22879.045593	 16297.660376	 -1824.008317	 431.262008	 431.262008
-96702.765819	 23310.307601	 16607.117049	 -1824.008317	 431.262008	 431.262008
-98526.774136	 23741.569610	 16916.573723	 -1824.008317	 431.262008	 431.262008
-100350.782453	 24172.831617	 17226.030396	 -1824.008316	 431.262008	 431.262008
-102174.790769	 24604.093625	 17535.487069	 -1824.008316	 431.262008	 431.262008
-103998.799085	 25035.355633	 17844.943742	 -1824.008316	 431.262008	 431.262008
-105822.807401	 25466.617641	 18154.400415	 -1824.008315	 431.262008	 431.262008
-107646.815716	 25897.879649	 18463.857088	 -1824.008315	 431.262008	 431.262008
-109470.824031	 26329.141656	 18773.313761	 -1824.008315	 431.262007	 431.262007
-111294.832345	 26760.403664	 19082.770434	 -1824.008314	 431.262007	 431.262007
-113118.840660	 27191.665671	 19392.227107	 -1824.008314	 431.262007	 431.262007
-114942.848973	 27622.927678	 19701.683780	 -1824.008314	 431.262007	 431.262007
-116766.857287	 28054.189686	 20011.140453	 -1824.008313	 431.262007	 431.262007
-118590.865601	 28485.451693	 20320.597125	 -1824.008313	 431.262007	 431.262007
-120414.873914	 28916.713700	 20630.053798	 -1824.008313	 431.262007	 431.262007
-122238.882226	 29347.975707	 20939.510471	 -1824.008313	 431.262007	 431.262007
-124062.890539	 29779.237714	 21248.967143	 -1824.008312	 431.262007	 431.262007
-125886.898851	 30210.499721	 21558.423816	 -1824.008312	 431.262007	 431.262007
-127710.907163	 30641.761728	 21867.880488	 -1824.008312	 431.262007	 431.262007
-129534.915475	 31073.023735	 22177.337161	 -1824.008312	 431.262007	 431.262007
-131358.923787	 31504.285741	 22486.793833	 -1824.008311	 431.262007	 431.262007
-133182.932098	 31935.547748	 22796.250506	 -1824.008311	 431.262007	 431.262007
-135006.940410	 32366.809755	 23105.707178	 -1824.008311	 431.262007	 431.262007
-136830.948721	 32798.071761	 23415.163850	 -1824.008311	 431.262007	 431.262007
-138654.957031	 33229.333768	 23724.620523	 -1824.008311	 431.262007	 431.262007
-140478.965342	 33660.595774	 24034.077195	 -1824.008310	 431.262006	 431.262006
-142302.973652	 34091.857781	 24343.533867	 -1824.008310	 431.262006	 431.262006
-144126.981963	 34523.119787	 24652.990539	 -1824.008310	 431.262006	 431.262006
-145950.990273	 34954.381794	 24962.447212	 -1824.008310	 431.262006	 431.262006
-147774.998582	 35385.643800	 25271.903884	 -1824.008310	 431.262006	 431.262006
-149599.006892	 35816.905806	 25581.360556	 -1824.008309	 431.262006	 431.262006
-151423.015202	 36248.167813	 25890.817228	 -1824.008309	 431.262006	 431.262006
-153247.023511	 36679.429819	 26200.273900	 -1824.008309	 431.262006	 431.262006
-155071.031820	 37110.691825	 26509.730572	 -1824.008309	 431.262006	 431.262006
-156895.040129	 37541.953831	 26819.187244	 -1824.008309	 431.262006	 431.262006
-158719.048438	 37973.215837	 27128.643916	 -1824.008309	 431.262006	 431.262006
-160543.056747	 38404.477843	 27438.100588	 -1824.008309	 431.262006	 431.262006
-162367.065055	 38835.739849	 27747.557260	 -1824.008308	 431.262006	 431.262006
-164191.073364	 39267.001855	 28057.013931	 -1824.008308	 431.262006	 431.262006
-166015.081672	 39698.263861	 28366.470603	 -1824.008308	 431.262006	 431.262006
-167839.089980	 40129.525867	 28675.927275	 -1824.008308	 431.262006	 431.262006
-169663.098288	 40560.787873	 28985.383947	 -1824.008308	 431.262006	 431.262006
-171487.106596	 40992.049879	 29294.840619	 -1824.008308	 431.262006	 431.262006
-173311.114904	 41423.311885	 29604.297290	 -1824.008308	 431.262006	 431.262006
-175135.123211	 41854.573891	 29913.753962	 -1824.008307	 431.262006	 431.262006
-176959.131519	 42285.835896	 30223.210634	 -1824.008307	 431.262006	 431.262006
-178783.139826	 42717.097902	 30532.667306	 -1824.008307	 431.262006	 431.262006
-180607.148133	 43148.359908	 30842.123977	 -1824.008307	 431.262006	 431.262006
-182431.156440	 43579.621914	 31151.580649	 -1824.008307	 431.262006	 431.262006
-184255.164747	 44010.883919	 31461.037321	 -1824.008307	 431.262006	 431.262006
-186079.173054	 44442.145925	 31770.493992	 -1824.008307	 431.262006	 431.262006
-187903.181361	 44873.407930	 32079.950664	 -1824.008307	 431.262006	 431.262006
-189727.189668	 45304.669936	 32389.407335	 -1824.008307	 431.262006	 431.262006
-191551.197974	 45735.931942	 32698.864007	 -1824.008306	 431.262006	 431.262006
-193375.206281	 46167.193947	 33008.320679	 -1824.008306	 431.262006	 431.262006
-195199.214587	 46598.455953	 33317.777350	 -1824.008306	 431.262005	 431.262005
-197023.222893	 47029.717958	 33627.234022	 -1824.008306	 431.262005	 431.262005
-198847.231199	 47460.979964	 33936.690693	 -1824.008306	 431.262005	 431.262005
-200671.239506	 47892.241969	 34246.147365	 -1824.008306	 431.262005	 431.262005
-202495.247811	 48323.503974	 34555.604036	 -1824.008306	 431.262005	 431.262005
-204319.256117	 48754.765980	 34865.060707	 -1824.008306	 431.262005	 431.262005
-206143.264423	 49186.027985	 35174.517379	 -1824.008306	 431.262005	 431.262005
-207967.272729	 49617.289991	 35483.974050	 -1824.008306	 431.262005	 431.262005
-209791.281034	 50048.551996	 35793.430722	 -1824.008306	 431.262005	 431.262005
-211615.289340	 50479.814001	 36102.887393	 -1824.008305	 431.262005	 431.262005
-213439.297645	 50911.076007	 36412.344064	 -1824.008305	 431.262005	 431.262005
-215263.305951	 51342.338012	 36721.800736	 -1824.008305	 431.262005	 431.262005
-217087.314256	 51773.600017	 37031.257407	 -1824.008305	 431.262005	 431.262005
-218911.322561	 52204.862022	 37340.714078	 -1824.008305	 431.262005	 431.262005
-220735.330866	 52636.124027	 37650.170750	 -1824.008305	 431.262005	 431.262005
-222559.339171	 53067.386033	 37959.627421	 -1824.008305	 431.262005	 431.262005
-224383.347476	 53498.648038	 38269.084092	 -1824.008305	 431.262005	 431.262005
-226207.355781	 53929.910043	 38578.540764	 -1824.008305	 431.262005	 431.262005
-228031.364086	 54361.172048	 38887.997435	 -1824.008305	 431.262005	 431.262005
-229855.372391	 54792.434053	 39197.454106	 -1824.008305	 431.262005	 431.262005
-231679.380695	 55223.696058	 39506.910777	 -1824.008305	 431.262005	 431.262005
-233503.389000	 55654.958063	 39816.367449	 -1824.008305	 431.262005	 431.262005
-235327.397304	 56086.220068	 40125.824120	 -1824.008304	 431.262005	 431.262005
-237151.405609	 56517.482074	 40435.280791	 -1824.008304	 431.262005	 431.262005
-238975.413913	 56948.744079	 40744.737462	 -1824.008304	 431.262005	 431.262005
-240799.422218	 57380.006084	 41054.194133	 -1824.008304	 431.262005	 431.262005
-242623.430522	 57811.268089	 41363.650805	 -1824.008304	 431.262005	 431.262005
-244447.438826	 58242.530094	 41673.107476	 -1824.008304	 431.262005	 431.262005
-246271.447130	 58673.792099	 41982.564147	 -1824.008304	 431.262005	 431.262005
-248095.455434	 59105.054104	 42292.020818	 -1824.008304	 431.262005	 431.262005
-249919.463738	 59536.316108	 42601.477489	 -1824.008304	 431.262005	 431.262005
-251743.472042	 59967.578113	 42910.934160	 -1824.008304	 431.262005	 431.262005
-253567.480346	 60398.840118	 43220.390831	 -1824.008304	 431.262005	 431.262005
-255391.488650	 60830.102123	 43529.847502	 -1824.008304	 431.262005	 431.262005
-257215.496953	 61261.364128	 43839.304173	 -1824.008304	 431.262005	 431.262005
-259039.505257	 61692.626133	 44148.760845	 -1824.008304	 431.262005	 431.262005
-260863.513561	 62123.888138	 44458.217516	 -1824.008304	 431.262005	 431.262005
-262687.521864	 62555.150143	 44767.674187	 -1824.008304	 431.262005	 431.262005
-264511.530168	 62986.412148	 45077.130858	 -1824.008303	 431.262005	 431.262005
-266335.538471	 63417.674152	 45386.587529	 -1824.008303	 431.262005	 431.262005
-268159.546775	 63848.936157	 45696.044200	 -1824.008303	 431.262005	 431.262005
-269983.555078	 64280.198162	 46005.500871	 -1824.008303	 431.262005	 431.262005
-271807.563381	 64711.460167	 46314.957542	 -1824.008303	 431.262005	 431.262005
-273631.571685	 65142.722171	 46624.414213	 -1824.008303	 431.262005	 431.262005
-275455.579988	 65573.984176	 46933.870884	 -1824.008303	 431.262005	 431.262005
-277279.588291	 66005.246181	 47243.327555	 -1824.008303	 431.262005	 431.262005
-279103.596594	 66436.508186	 47552.784226	 -1824.008303	 431.262005	 431.262005
-280927.604897	 66867.770190	 47862.240897	 -1824.008303	 431.262005	 431.262005
-282751.613200	 67299.032195	 48171.697568	 -1824.008303	 431.262005	 431.262005
-284575.621503	 67730.294200	 48481.154239	 -1824.008303	 431.262005	 431.262005
-286399.629806	 68161.556205	 48790.610910	 -1824.008303	 431.262005	 431.262005
-288223.638109	 68592.818209	 49100.067580	 -1824.008303	 431.262005	 431.262005
-290047.646412	 69024.080214	 49409.524251	 -1824.008303	 431.262005	 431.262005
-291871.654715	 69455.342219	 49718.980922	 -1824.008303	 431.262005	 431.262005
-293695.663017	 69886.604223	 50028.437593	 -1824.008303	 431.262005	 431.262005
-295519.671320	 70317.866228	 50337.894264	 -1824.008303	 431.262005	 431.262005
-297343.679623	 70749.128232	 50647.350935	 -1824.008303	 431.262005	 431.262005
-299167.687925	 71180.390237	 50956.807606	 -1824.008303	 431.262005	 431.262005
-300991.696228	 71611.652242	 51266.264277	 -1824.008303	 431.262005	 431.262005
-302815.704530	 72042.914246	 51575.720948	 -1824.008302	 431.262005	 431.262005
-304639.712833	 72474.176251	 51885.177618	 -1824.008302	 431.262005	 431.262005
-306463.721135	 72905.438255	 52194.634289	 -1824.008302	 431.262005	 431.262005
-308287.729438	 73336.700260	 52504.090960	 -1824.008302	 431.262005	 431.262005
-310111.737740	 73767.962265	 52813.547631	 -1824.008302	 431.262005	 431.262005
-311935.746042	 74199.224269	 53123.004302	 -1824.008302	 431.262005	 431.262005
-313759.754344	 74630.486274	 53432.460973	 -1824.008302	 431.262005	 431.262005
-315583.762647	 75061.748278	 53741.917644	 -1824.008302	 431.262005	 431.262005
-317407.770949	 75493.010283	 54051.374314	 -1824.008302	 431.262005	 431.262005
-319231.779251	 75924.272287	 54360.830985	 -1824.008302	 431.262004	 431.262004
-321055.787553	 76355.534292	 54670.287656	 -1824.008302	 431.262004	 431.262004
-322879.795855	 76786.796296	 54979.744327	 -1824.008302	 431.262004	 431.262004
-324703.804157	 77218.058301	 55289.200998	 -1824.008302	 431.262004	 431.262004
-326527.812459	 77649.320305	 55598.657668	 -1824.008302	 431.262004	 431.262004
-328351.820761	 78080.582310	 55908.114339	 -1824.008302	 431.262004	 431.262004
-330175.829063	 78511.844314	 56217.571010	 -1824.008302	 431.262004	 431.262004
-331999.837365	 78943.106318	 56527.027681	 -1824.008302	 431.262004	 431.262004
-333823.845667	 79374.368323	 56836.484351	 -1824.008302	 431.262004	 431.262004
-335647.853969	 79805.630327	 57145.941022	 -1824.008302	 431.262004	 431.262004
-337471.862271	 80236.892332	 57455.397693	 -1824.008302	 431.262004	 431.262004
-339295.870572	 80668.154336	 57764.854364	 -1824.008302	 431.262004	 431.262004
-341119.878874	 81099.416341	 58074.311034	 -1824.008302	 431.262004	 431.262004
-342943.887176	 81530.678345	 58383.767705	 -1824.008302	 431.262004	 431.262004
-344767.895477	 81961.940349	 58693.224376	 -1824.008302	 431.262004	 431.262004
-346591.903779	 82393.202354	 59002.681047	 -1824.008302	 431.262004	 431.262004
-348415.912081	 82824.464358	 59312.137717	 -1824.008302	 431.262004	 431.262004
-350239.920382	 83255.726362	 59621.594388	 -1824.008302	 431.262004	 431.262004
-352063.928684	 83686.988367	 59931.051059	 -1824.008302	 431.262004	 431.262004
-353887.936985	 84118.250371	 60240.507729	 -1824.008301	 431.262004	 431.262004
-355711.945287	 84549.512376	 60549.964400	 -1824.008301	 431.262004	 431.262004
-357535.953588	 84980.774380	 60859.421071	 -1824.008301	 431.262004	 431.262004
-359359.961890	 85412.036384	 61168.877741	 -1824.008301	 431.262004	 431.262004
-361183.970191	 85843.298389	 61478.334412	 -1824.008301	 431.262004	 431.262004
-363007.978492	 86274.560393	 61787.791083	 -1824.008301	 431.262004	 431.262004
-364831.986794	 86705.822397	 62097.247754	 -1824.008301	 431.262004	 431.262004
-366655.995095	 87137.084401	 62406.704424	 -1824.008301	 431.262004	 431.262004
-368480.003396	 87568.346406	 62716.161095	 -1824.008301	 431.262004	 431.262004
-370304.011698	 87999.608410	 63025.617765	 -1824.008301	 431.262004	 431.262004
-372128.019999	 88430.870414	 63335.074436	 -1824.008301	 431.262004	 431.262004
-373952.028300	 88862.132419	 63644.531107	 -1824.008301	 431.262004	 431.262004
-375776.036601	 89293.394423	 63953.987777	 -1824.008301	 431.262004	 431.262004
-377600.044902	 89724.656427	 64263.444448	 -1824.008301	 431.262004	 431.262004
-379424.053203	 90155.918431	 64572.901119	 -1824.008301	 431.262004	 431.262004
-381248.061504	 90587.180436	 64882.357789	 -1824.008301	 431.262004	 431.262004
-383072.069805	 91018.442440	 65191.814460	 -1824.008301	 431.262004	 431.262004
-384896.078107	 91449.704444	 65501.271131	 -1824.008301	 431.262004	 431.262004
-386720.086408	 91880.966448	 65810.727801	 -1824.008301	 431.262004	 431.262004
-388544.094709	 92312.228453	 66120.184472	 -1824.008301	 431.262004	 431.262004
-390368.103009	 92743.490457	 66429.641142	 -1824.008301	 431.262004	 431.262004
-392192.111310	 93174.752461	 66739.097813	 -1824.008301	 431.262004	 431.262004
-394016.119611	 93606.014465	 67048.554484	 -1824.008301	 431.262004	 431.262004
-395840.127912	 94037.276469	 67358.011154	 -1824.008301	 431.262004	 431.262004
-397664.136213	 94468.538474	 67667.467825	 -1824.008301	 431.262004	 431.262004
-399488.144514	 94899.800478	 67976.924495	 -1824.008301	 431.262004	 431.262004
-401312.152815	 95331.062482	 68286.381166	 -1824.008301	 431.262004	 431.262004
-403136.161115	 95762.324486	 68595.837837	 -1824.008301	 431.262004	 431.262004
-404960.169416	 96193.586490	 68905.294507	 -1824.008301	 431.262004	 431.262004
-406784.177717	 96624.848495	 69214.751178	 -1824.008301	 431.262004	 431.262004
-408608.186018	 97056.110499	 69524.207848	 -1824.008301	 431.262004	 431.262004
-410432.194318	 97487.372503	 69833.664519	 -1824.008301	 431.262004	 431.262004
-412256.202619	 97918.634507	 70143.121189	 -1824.008301	 431.262004	 431.262004
-414080.210920	 98349.896511	 70452.577860	 -1824.008301	 431.262004	 431.262004
-415904.219220	 98781.158515	 70762.034530	 -1824.008301	 431.262004	 431.262004
-417728.227521	 99212.420519	 71071.491201	 -1824.008301	 431.262004	 431.262004
-419552.235821	 99643.682524	 71380.947872	 -1824.008301	 431.262004	 431.262004
-421376.244122	 100074.944528	 71690.404542	 -1824.008301	 431.262004	 431.262004
-423200.252423	 100506.206532	 71999.861213	 -1824.008301	 431.262004	 431.262004
-425024.260723	 100937.468536	 72309.317883	 -1824.008300	 431.262004	 431.262004
-426848.269024	 101368.730540	 72618.774554	 -1824.008300	 431.262004	 431.262004
-428672.277324	 101799.992544	 72928.231224	 -1824.008300	 431.262004	 431.262004
-430496.285624	 102231.254548	 73237.687895	 -1824.008300	 431.262004	 431.262004
-432320.293925	 102662.516552	 73547.144565	 -1824.008300	 431.262004	 431.262004
-434144.302225	 103093.778556	 73856.601236	 -1824.008300	 431.262004	 431.262004
-435968.310526	 103525.040561	 74166.057906	 -1824.008300	 431.262004	 431.262004
-437792.318826	 103956.302565	 74475.514577	 -1824.008300	 431.262004	 431.262004
-439616.327126	 104387.564569	 74784.971247	 -1824.008300	 431.262004	 431.262004
-441440.335427	 104818.826573	 75094.427918	 -1824.008300	 431.262004	 431.262004
-443264.343727	 105250.088577	 75403.884588	 -1824.008300	 431.262004	 431.262004
-445088.352027	 105681.350581	 75713.341259	 -1824.008300	 431.262004	 431.262004
-446912.360328	 106112.612585	 76022.797929	 -1824.008300	 431.262004	 431.262004
-448736.368628	 106543.874589	 76332.254600	 -1824.008300	 431.262004	 431.262004
-450560.376928	 106975.136593	 76641.711270	 -1824.008300	 431.262004	 431.262004
-452384.385228	 107406.398597	 76951.167941	 -1824.008300	 431.262004	 431.262004
-454208.393528	 107837.660601	 77260.624611	 -1824.008300	 431.262004	 431.262004
-456032.401829	 108268.922605	 77570.081282	 -1824.008300	 431.262004	 431.262004
-457856.410129	 108700.184609	 77879.537952	 -1824.008300	 431.262004	 431.262004
-459680.418429	 109131.446613	 78188.994623	 -1824.008300	 431.262004	 431.262004
-461504.426729	 109562.708617	 78498.451293	 -1824.008300	 431.262004	 431.262004
-463328.435029	 109993.970621	 78807.907963	 -1824.008300	 431.262004	 431.262004
-465152.443329	 110425.232625	 79117.364634	 -1824.008300	 431.262004	 431.262004
-466976.451629	 110856.494629	 79426.821304	 -1824.008300	 431.262004	 431.262004
-468800.459929	 111287.756633	 79736.277975	 -1824.008300	 431.262004	 431.262004
-470624.468229	 111719.018637	 80045.734645	 -1824.008300	 431.262004	 431.262004
-472448.476529	 112150.280641	 80355.191316	 -1824.008300	 431.262004	 431.262004
-474272.484829	 112581.542645	 80664.647986	 -1824.008300	 431.262004	 431.262004
-476096.493129	 113012.804649	 80974.104657	 -1824.008300	 431.262004	 431.262004
-477920.501429	 113444.066653	 81283.561327	 -1824.008300	 431.262004	 431.262004
-479744.509729	 113875.328657	 81593.017998	 -1824.008300	 431.262004	 431.262004
-481568.518029	 114306.590661	 81902.474668	 -1824.008300	 431.262004	 431.262004
-483392.526329	 114737.852665	 82211.931338	 -1824.008300	 431.262004	 431.262004
-485216.534629	 115169.114669	 82521.388009	 -1824.008300	 431.262004	 431.262004
-487040.542929	 115600.376673	 82830.844679	 -1824.008300	 431.262004	 431.262004
-488864.551229	 116031.638677	 83140.301350	 -1824.008300	 431.262004	 431.262004
-490688.559529	 116462.900681	 83449.758020	 -1824.008300	 431.262004	 431.262004
-492512.567829	 116894.162685	 83759.214690	 -1824.008300	 431.262004	 431.262004
-494336.576128	 117325.424689	 84068.671361	 -1824.008300	 431.262004	 431.262004
-496160.584428	 117756.686693	 84378.128031	 -1824.008300	 431.262004	 431.262004
-497984.592728	 118187.948697	 84687.584702	 -1824.008300	 431.262004	 431.262004
-499808.601028	 118619.210701	 84997.041372	 -1824.008300	 431.262004	 431.262004
-501632.609327	 119050.472705	 85306.498043	 -1824.008300	 431.262004	 431.262004
-503456.617627	 119481.734709	 85615.954713	 -1824.008300	 431.262004	 431.262004
-505280.625927	 119912.996713	 85925.411383	 -1824.008300	 431.262004	 431.262004
-507104.634227	 120344.258717	 86234.868054	 -1824.008300	 431.262004	 431.262004
-508928.642526	 120775.520721	 86544.324724	 -1824.008300	 431.262004	 431.262004
-510752.650826	 121206.782724	 86853.781394	 -1824.008300	 431.262004	 431.262004
-512576.659126	 121638.044728	 87163.238065	 -1824.008300	 431.262004	 431.262004
-514400.667425	 122069.306732	 87472.694735	 -1824.008300	 431.262004	 431.262004
-516224.675725	 122500.568736	 87782.151406	 -1824.008300	 431.262004	 431.262004
-518048.684025	 122931.830740	 88091.608076	 -1824.008300	 431.262004	 431.262004
-519872.692324	 123363.092744	 88401.064746	 -1824.008300	 431.262004	 431.262004
-521696.700624	 123794.354748	 88710.521417	 -1824.008300	 431.262004	 431.262004
-523520.708923	 124225.616752	 89019.978087	 -1824.008300	 431.262004	 431.262004
-525344.717223	 124656.878756	 89329.434758	 -1824.008300	 431.262004	 431.262004
-527168.725522	 125088.140760	 89638.891428	 -1824.008300	 431.262004	 431.262004
-528992.733822	 125519.402763	 89948.348098	 -1824.008300	 431.262004	 431.262004
-530816.742122	 125950.664767	 90257.804769	 -1824.008300	 431.262004	 431.262004
-532640.750421	 126381.926771	 90567.261439	 -1824.008299	 431.262004	 431.262004
-534464.758721	 126813.188775	 90876.718109	 -1824.008299	 431.262004	 431.262004
-536288.767020	 127244.450779	 91186.174780	 -1824.008299	 431.262004	 431.262004
-538112.775320	 127675.712783	 91495.631450	 -1824.008299	 431.262004	 431.262004
-539936.783619	 128106.974787	 91805.088120	 -1824.008299	 431.262004	 431.262004
-541760.791918	 128538.236791	 92114.544791	 -1824.008299	 431.262004	 431.262004
-543584.800218	 128969.498794	 92424.001461	 -1824.008299	 431.262004	 431.262004
-545408.808517	 129400.760798	 92733.458131	 -1824.008299	 431.262004	 431.262004
-547232.816817	 129832.022802	 93042.914802	 -1824.008299	 431.262004	 431.262004
-549056.825116	 130263.284806	 93352.371472	 -1824.008299	 431.262004	 431.262004
-550880.833415	 130694.546810	 93661.828142	 -1824.008299	 431.262004	 431.262004
-552704.841715	 131125.808814	 93971.284813	 -1824.008299	 431.262004	 431.262004
-554528.850014	 131557.070818	 94280.741483	 -1824.008299	 431.262004	 431.262004
-556352.858314	 131988.332821	 94590.198153	 -1824.008299	 431.262004	 431.262004
-558176.866613	 132419.594825	 94899.654824	 -1824.008299	 431.262004	 431.262004
-560000.874912	 132850.856829	 95209.111494	 -1824.008299	 431.262004	 431.262004
-561824.883212	 133282.118833	 95518.568164	 -1824.008299	 431.262004	 431.262004
-563648.891511	 133713.380837	 95828.024835	 -1824.008299	 431.262004	 431.262004
-565472.899810	 134144.642841	 96137.481505	 -1824.008299	 431.262004	 431.262004
-567296.908109	 134575.904844	 96446.938175	 -1824.008299	 431.262004	 431.262004
-569120.916409	 135007.166848	 96756.394846	 -1824.008299	 431.262004	 431.262004
-570944.924708	 135438.428852	 97065.851516	 -1824.008299	 431.262004	 431.262004
-572768.933007	 135869.690856	 97375.308186	 -1824.008299	 431.262004	 431.262004
-574592.941306	 136300.952860	 97684.764857	 -1824.008299	 431.262004	 431.262004
-576416.949606	 136732.214863	 97994.221527	 -1824.008299	 431.262004	 431.262004
-578240.957905	 137163.476867	 98303.678197	 -1824.008299	 431.262004	 431.262004
-580064.966204	 137594.738871	 98613.134868	 -1824.008299	 431.262004	 431.262004
-581888.974503	 138026.000875	 98922.591538	 -1824.008299	 431.262004	 431.262004
-583712.982802	 138457.262879	 99232.048208	 -1824.008299	 431.262004	 431.262004
-585536.991101	 138888.524882	 99541.504878	 -1824.008299	 431.262004	 431.262004
-587360.999401	 139319.786886	 99850.961549	 -1824.008299	 431.262004	 431.262004
-589185.007700	 139751.048890	 100160.418219	 -1824.008299	 431.262004	 431.262004
-591009.015999	 140182.310894	 100469.874889	 -1824.008299	 431.262004	 431.262004
-592833.024298	 140613.572898	 100779.331560	 -1824.008299	 431.262004	 431.262004
-594657.032597	 141044.834901	 101088.788230	 -1824.008299	 431.262004	 431.262004
-596481.040896	 141476.096905	 101398.244900	 -1824.008299	 431.262004	 431.262004
-598305.049195	 141907.358909	 101707.701571	 -1824.008299	 431.262004	 431.262004
-600129.057494	 142338.620913	 102017.158241	 -1824.008299	 431.262004	 431.262004
-601953.065793	 142769.882916	 102326.614911	 -1824.008299	 431.262004	 431.262004
-603777.074092	 143201.144920	 102636.071581	 -1824.008299	 431.262004	 431.262004
-605601.082391	 143632.406924	 102945.528252	 -1824.008299	 431.262004	 431.262004
-607425.090690	 144063.668928	 103254.984922	 -1824.008299	 431.262004	 431.262004
-609249.098989	 144494.930932	 103564.441592	 -1824.008299	 431.262004	 431.262004
-611073.107288	 144926.192935	 103873.898262	 -1824.008299	 431.262004	 431.262004
-612897.115587	 145357.454939	 104183.354933	 -1824.008299	 431.262004	 431.262004
-614721.123886	 145788.716943	 104492.811603	 -1824.008299	 431.262004	 431.262004
-616545.132185	 146219.978947	 104802.268273	 -1824.008299	 431.262004	 431.262004
-618369.140484	 146651.240950	 105111.724944	 -1824.008299	 431.262004	 431.262004
-620193.148783	 147082.502954	 105421.181614	 -1824.008299	 431.262004	 431.262004
-622017.157082	 147513.764958	 105730.638284	 -1824.008299	 431.262004	 431.262004
-623841.165381	 147945.026962	 106040.094954	 -1824.008299	 431.262004	 431.262004
-625665.173680	 148376.288965	 106349.551625	 -1824.008299	 431.262004	 431.262004
-627489.181979	 148807.550969	 106659.008295	 -1824.008299	 431.262004	 431.262004
-629313.190278	 149238.812973	 106968.464965	 -1824.008299	 431.262004	 431.262004
-631137.198577	 149670.074976	 107277.921635	 -1824.008299	 431.262004	 431.262004
-632961.206876	 150101.336980	 107587.378306	 -1824.008299	 431.262004	 431.262004
-634785.215175	 150532.598984	 107896.834976	 -1824.008299	 431.262004	 431.262004
-636609.223474	 150963.860988	 108206.291646	 -1824.008299	 431.262004	 431.262004
-638433.231772	 151395.122991	 108515.748316	 -1824.008299	 431.262004	 431.262004
-640257.240071	 151826.384995	 108825.204987	 -1824.008299	 431.262004	 431.262004
-642081.248370	 152257.646999	 109134.661657	 -1824.008299	 431.262004	 431.262004
-643905.256669	 152688.909003	 109444.118327	 -1824.008299	 431.262004	 431.262004
-645729.264968	 153120.171006	 109753.574997	 -1824.008299	 431.262004	 431.262004
-647553.273267	 153551.433010	 110063.031668	 -1824.008299	 431.262004	 431.262004
-649377.281565	 153982.695014	 110372.488338	 -1824.008299	 431.262004	 431.262004
-651201.289864	 154413.957017	 110681.945008	 -1824.008299	 431.262004	 431.262004
-653025.298163	 154845.219021	 110991.401678	 -1824.008299	 431.262004	 431.262004
-654849.306462	 155276.481025	 111300.858349	 -1824.008299	 431.262004	 431.262004
-656673.314760	 155707.743029	 111610.315019	 -1824.008299	 431.262004	 431.262004
-658497.323059	 156139.005032	 111919.771689	 -1824.008299	 431.262004	 431.262004
-660321.331358	 156570.267036	 112229.228359	 -1824.008299	 431.262004	 431.262004
-662145.339657	 157001.529040	 112538.685030	 -1824.008299	 431.262004	 431.262004
-663969.347955	 157432.791043	 112848.141700	 -1824.008299	 431.262004	 431.262004
-665793.356254	 157864.053047	 113157.598370	 -1824.008299	 431.262004	 431.262004
-667617.364553	 158295.315051	 113467.055040	 -1824.008299	 431.262004	 431.262004
-669441.372852	 158726.577054	 113776.511710	 -1824.008299	 431.262004	 431.262004
-671265.381150	 159157.839058	 114085.968381	 -1824.008299	 431.262004	 431.262004
-673089.389449	 159589.101062	 114395.425051	 -1824.008299	 431.262004	 431.262004
-674913.397748	 160020.363065	 114704.881721	 -1824.008299	 431.262004	 431.262004
-676737.406046	 160451.625069	 115014.338391	 -1824.008299	 431.262004	 431.262004
-678561.414345	 160882.887073	 115323.795062	 -1824.008299	 431.262004	 431.262004
-680385.422644	 161314.149076	 115633.251732	 -1824.008299	 431.262004	 431.262004
-682209.430942	 161745.411080	 115942.708402	 -1824.008299	 431.262004	 431.262004
-684033.439241	 162176.673084	 116252.165072	 -1824.008299	 431.262004	 431.262004
-685857.447540	 162607.935087	 116561.621742	 -1824.008299	 431.262004	 431.262004
-687681.455838	 163039.197091	 116871.078413	 -1824.008299	 431.262004	 431.262004
-689505.464137	 163470.459095	 117180.535083	 -1824.008299	 431.262004	 431.262004
-691329.472435	 163901.721098	 117489.991753	 -1824.008299	 431.262004	 431.262004
-693153.480734	 164332.983102	 117799.448423	 -1824.008299	 431.262004	 431.262004
-694977.489033	 164764.245106	 118108.905093	 -1824.008299	 431.262004	 431.262004
-696801.497331	 165195.507109	 118418.361764	 -1824.008299	 431.262004	 431.262004
-698625.505630	 165626.769113	 118727.818434	 -1824.008299	 431.262004	 431.262004
-700449.513928	 166058.031117	 119037.275104	 -1824.008299	 431.262004	 431.262004
-702273.522227	 166489.293120	 119346.731774	 -1824.008299	 431.262004	 431.262004
-704097.530525	 166920.555124	 119656.188444	 -1824.008299	 431.262004	 431.262004
-705921.538824	 167351.817128	 119965.645115	 -1824.008299	 431.262004	 431.262004
-707745.547123	 167783.079131	 120275.101785	 -1824.008299	 431.262004	 431.262004
-709569.555421	 168214.341135	 120584.558455	 -1824.008299	 431.262004	 431.262004
-711393.563720	 168645.603139	 120894.015125	 -1824.008299	 431.262004	 431.262004
-713217.572018	 169076.865142	 121203.471795	 -1824.008299	 431.262004	 431.262004
-715041.580317	 169508.127146	 121512.928466	 -1824.008298	 431.262004	 431.262004
-716865.588615	 169939.389150	 121822.385136	 -1824.008298	 431.262004	 431.262004
-718689.596914	 170370.651153	 122131.841806	 -1824.008298	 431.262004	 431.262004
-720513.605212	 170801.913157	 122441.298476	 -1824.008298	 431.262004	 431.262004
-722337.613511	 171233.175161	 122750.755146	 -1824.008298	 431.262004	 431.262004
-724161.621809	 171664.437164	 123060.211816	 -1824.008298	 431.262004	 431.262004
-725985.630108	 172095.699168	 123369.668487	 -1824.008298	 431.262004	 431.262004
-727809.638406	 172526.961171	 123679.125157	 -1824.008298	 431.262004	 431.262004
-729633.646704	 172958.223175	 123988.581827	 -1824.008298	 431.262004	 431.262004
-731457.655003	 173389.485179	 124298.038497	 -1824.008298	 431.262004	 431.262004
-733281.663301	 173820.747182	 124607.495167	 -1824.008298	 431.262004	 431.262004
-735105.671600	 174252.009186	 124916.951838	 -1824.008298	 431.262004	 431.262004
-736929.679898	 174683.271190	 125226.408508	 -1824.008298	 431.262004	 431.262004
-738753.688197	 175114.533193	 125535.865178	 -1824.008298	 431.262004	 431.262004
-740577.696495	 175545.795197	 125845.321848	 -1824.008298	 431.262004	 431.262004
-742401.704793	 175977.057200	 126154.778518	 -1824.008298	 431.262004	 431.262004
-744225.713092	 176408.319204	 126464.235188	 -1824.008298	 431.262004	 431.262004
-746049.721390	 176839.581208	 126773.691859	 -1824.008298	 431.262004	 431.262004
-747873.729689	 177270.843211	 127083.148529	 -1824.008298	 431.262004	 431.262004
-749697.737987	 177702.105215	 127392.605199	 -1824.008298	 431.262004	 431.262004
-751521.746285	 178133.367218	 127702.061869	 -1824.008298	 431.262004	 431.262004
-753345.754584	 178564.629222	 128011.518539	 -1824.008298	 431.262004	 431.262004
-755169.762882	 178995.891226	 128320.975209	 -1824.008298	 431.262004	 431.262004
-756993.771180	 179427.153229	 128630.431880	 -1824.008298	 431.262004	 431.262004
-758817.779479	 179858.415233	 128939.888550	 -1824.008298	 431.262004	 431.262004
-760641.787777	 180289.677236	 129249.345220	 -1824.008298	 431.262004	 431.262004
-762465.796075	 180720.939240	 129558.801890	 -1824.008298	 431.262004	 431.262004
-764289.804374	 181152.201244	 129868.258560	 -1824.008298	 431.262004	 431.262004
-766113.812672	 181583.463247	 130177.715230	 -1824.008298	 431.262004	 431.262004
-767937.820970	 182014.725251	 130487.171901	 -1824.008298	 431.262004	 431.262004
-769761.829269	 182445.987254	 130796.628571	 -1824.008298	 431.262004	 431.262004
-771585.837567	 182877.249258	 131106.085241	 -1824.008298	 431.262004	 431.262004
-773409.845865	 183308.511262	 131415.541911	 -1824.008298	 431.262004	 431.262004
-775233.854163	 183739.773265	 131724.998581	 -1824.008298	 431.262004	 431.262004
-777057.862462	 184171.035269	 132034.455251	 -1824.008298	 431.262004	 431.262004
-778881.870760	 184602.297272	 132343.911921	 -1824.008298	 431.262004	 431.262004
-780705.879058	 185033.559276	 132653.368592	 -1824.008298	 431.262004	 431.262004
-782529.887356	 185464.821280	 132962.825262	 -1824.008298	 431.262004	 431.262004
-784353.895655	 185896.083283	 133272.281932	 -1824.008298	 431.262004	 431.262004
-786177.903953	 186327.345287	 133581.738602	 -1824.008298	 431.262004	 431.262004
-788001.912251	 186758.607290	 133891.195272	 -1824.008298	 431.262004	 431.262004
-789825.920549	 187189.869294	 134200.651942	 -1824.008298	 431.262004	 431.262004
-791649.928848	 187621.131297	 134510.108612	 -1824.008298	 431.262004	 431.262004
-793473.937146	 188052.393301	 134819.565283	 -1824.008298	 431.262004	 431.262004
-795297.945444	 188483.655305	 135129.021953	 -1824.008298	 431.262004	 431.262004
-797121.953742	 188914.917308	 135438.478623	 -1824.008298	 431.262004	 431.262004
-798945.962040	 189346.179312	 135747.935293	 -1824.008298	 431.262004	 431.262004
-800769.970339	 189777.441315	 136057.391963	 -1824.008298	 431.262004	 431.262004
-802593.978637	 190208.703319	 136366.848633	 -1824.008298	 431.262004	 431.262004
-804417.986935	 190639.965322	 136676.305303	 -1824.008298	 431.262004	 431.262004
-806241.995233	 191071.227326	 136985.761974	 -1824.008298	 431.262004	 431.262004
-808066.003531	 191502.489329	 137295.218644	 -1824.008298	 431.262004	 431.262004
-809890.011829	 191933.751333	 137604.675314	 -1824.008298	 431.262004	 431.262004
-811714.020128	 192365.013337	 137914.131984	 -1824.008298	 431.262004	 431.262004
-813538.028426	 192796.275340	 138223.588654	 -1824.008298	 431.262004	 431.262004
-815362.036724	 193227.537344	 138533.045324	 -1824.008298	 431.262004	 431.262004
-817186.045022	 193658.799347	 138842.501994	 -1824.008298	 431.262004	 431.262004
-819010.053320	 194090.061351	 139151.958664	 -1824.008298	 431.262004	 431.262004
-820834.061618	 194521.323354	 139461.415335	 -1824.008298	 431.262004	 431.262004
-822658.069916	 194952.585358	 139770.872005	 -1824.008298	 431.262004	 431.262004
-824482.078215	 195383.847361	 140080.328675	 -1824.008298	 431.262004	 431.262004
-826306.086513	 195815.109365	 140389.785345	 -1824.008298	 431.262004	 431.262004
-828130.094811	 196246.371369	 140699.242015	 -1824.008298	 431.262004	 431.262004
-829954.103109	 196677.633372	 141008.698685	 -1824.008298	 431.262004	 431.262004
-831778.111407	 197108.895376	 141318.155355	 -1824.008298	 431.262004	 431.262004
-833602.119705	 197540.157379	 141627.612025	 -1824.008298	 431.262004	 431.262004
-835426.128003	 197971.419383	 141937.068696	 -1824.008298	 431.262004	 431.262004
-837250.136301	 198402.681386	 142246.525366	 -1824.008298	 431.262004	 431.262004
-839074.144599	 198833.943390	 142555.982036	 -1824.008298	 431.262004	 431.262004
-840898.152897	 199265.205393	 142865.438706	 -1824.008298	 431.262004	 431.262004
-842722.161195	 199696.467397	 143174.895376	 -1824.008298	 431.262004	 431.262004
-844546.169494	 200127.729400	 143484.352046	 -1824.008298	 431.262004	 431.262004
-846370.177792	 200558.991404	 143793.808716	 -1824.008298	 431.262004	 431.262004
-848194.186090	 200990.253407	 144103.265386	 -1824.008298	 431.262004	 431.262004
-850018.194388	 201421.515411	 144412.722056	 -1824.008298	 431.262004	 431.262004
-851842.202686	 201852.777415	 144722.178727	 -1824.008298	 431.262004	 431.262004
-853666.210984	 202284.039418	 145031.635397	 -1824.008298	 431.262004	 431.262004
-855490.219282	 202715.301422	 145341.092067	 -1824.008298	 431.262004	 431.262004
-857314.227580	 203146.563425	 145650.548737	 -1824.008298	 431.262004	 431.262004
-859138.235878	 203577.825429	 145960.005407	 -1824.008298	 431.262004	 431.262004
-860962.244176	 204009.087432	 146269.462077	 -1824.008298	 431.262004	 431.262004
-862786.252474	 204440.349436	 146578.918747	 -1824.008298	 431.262004	 431.262004
-864610.260772	 204871.611439	 146888.375417	 -1824.008298	 431.262004	 431.262004
-866434.269070	 205302.873443	 147197.832087	 -1824.008298	 431.262004	 431.262004
-868258.277368	 205734.135446	 147507.288758	 -1824.008298	 431.262004	 431.262004
-870082.285666	 206165.397450	 147816.745428	 -1824.008298	 431.262004	 431.262004
-871906.293964	 206596.659453	 148126.202098	 -1824.008298	 431.262004	 431.262004
-873730.302262	 207027.921457	 148435.658768	 -1824.008298	 431.262004	 431.262004
-875554.310560	 207459.183460	 148745.115438	 -1824.008298	 431.262004	 431.262004
-877378.318858	 207890.445464	 149054.572108	 -1824.008298	 431.262004	 431.262004
-879202.327156	 208321.707467	 149364.028778	 -1824.008298	 431.262004	 431.262004
-881026.335454	 208752.969471	 149673.485448	 -1824.008298	 431.262004	 431.262004
-882850.343751	 209184.231474	 149982.942118	 -1824.008298	 431.262004	 431.262004
-884674.352049	 209615.493478	 150292.398788	 -1824.008298	 431.262004	 431.262004
-886498.360347	 210046.755481	 150601.855458	 -1824.008298	 431.262004	 431.262004
-888322.368645	 210478.017485	 150911.312129	 -1824.008298	 431.262004	 431.262004
-890146.376943	 210909.279488	 151220.768799	 -1824.008298	 431.262004	 431.262004
-891970.385241	 211340.541492	 151530.225469	 -1824.008298	 431.262004	 431.262004
-893794.393539	 211771.803495	 151839.682139	 -1824.008298	 431.262004	 431.262004
-895618.401837	 212203.065499	 152149.138809	 -1824.008298	 431.262003	 431.262003
-897442.410135	 212634.327502	 152458.595479	 -1824.008298	 431.262003	 431.262003
-899266.418433	 213065.589506	 152768.052149	 -1824.008298	 431.262003	 431.262003
-901090.426731	 213496.851509	 153077.508819	 -1824.008298	 431.262003	 431.262003
-902914.435029	 213928.113513	 153386.965489	 -1824.008298	 431.262003	 431.262003
-904738.443326	 214359.375516	 153696.422159	 -1824.008298	 431.262003	 431.262003
-906562.451624	 214790.637520	 154005.878829	 -1824.008298	 431.262003	 431.262003
-908386.459922	 215221.899523	 154315.335500	 -1824.008298	 431.262003	 431.262003
-910210.468220	 215653.161527	 154624.792170	 -1824.008298	 431.262003	 431.262003
-912034.476518	 216084.423530	 154934.248840	 -1824.008298	 431.262003	 431.262003
-913858.484816	 216515.685534	 155243.705510	 -1824.008298	 431.262003	 431.262003
-915682.493114	 216946.947537	 155553.162180	 -1824.008298	 431.262003	 431.262003
-917506.501412	 217378.209541	 155862.618850	 -1824.008298	 431.262003	 431.262003
-919330.509709	 217809.471544	 156172.075520	 -1824.008298	 431.262003	 431.262003
-921154.518007	 218240.733548	 156481.532190	 -1824.008298	 431.262003	 431.262003
-922978.526305	 218671.995551	 156790.988860	 -1824.008298	 431.262003	 431.262003
-924802.534603	 219103.257555	 157100.445530	 -1824.008298	 431.262003	 431.262003
-926626.542901	 219534.519558	 157409.902200	 -1824.008298	 431.262003	 431.262003
-928450.551199	 219965.781562	 157719.358870	 -1824.008298	 431.262003	 431.262003
-930274.559496	 220397.043565	 158028.815540	 -1824.008298	 431.262003	 431.262003
-932098.567794	 220828.305569	 158338.272211	 -1824.008298	 431.262003	 431.262003
-933922.576092	 221259.567572	 158647.728881	 -1824.008298	 431.262003	 431.262003
-935746.584390	 221690.829576	 158957.185551	 -1824.008298	 431.262003	 431.262003
-937570.592688	 222122.091579	 159266.642221	 -1824.008298	 431.262003	 431.262003
-939394.600986	 222553.353583	 159576.098891	 -1824.008298	 431.262003	 431.262003
-941218.609283	 222984.615586	 159885.555561	 -1824.008298	 431.262003	 431.262003
-943042.617581	 223415.877590	 160195.012231	 -1824.008298	 431.262003	 431.262003
-944866.625879	 223847.139593	 160504.468901	 -1824.008298	 431.262003	 431.262003
-946690.634177	 224278.401596	 160813.925571	 -1824.008298	 431.262003	 431.262003
-948514.642475	 224709.663600	 161123.382241	 -1824.008298	 431.262003	 431.262003
-950338.650772	 225140.925603	 161432.838911	 -1824.008298	 431.262003	 431.262003
-952162.659070	 225572.187607	 161742.295581	 -1824.008298	 431.262003	 431.262003
-953986.667368	 226003.449610	 162051.752251	 -1824.008298	 431.262003	 431.262003
-955810.675666	 226434.711614	 162361.208921	 -1824.008298	 431.262003	 431.262003
-957634.683963	 226865.973617	 162670.665591	 -1824.008298	 431.262003	 431.262003
-959458.692261	 227297.235621	 162980.122262	 -1824.008298	 431.262003	 431.262003
-961282.700559	 227728.497624	 163289.578932	 -1824.008298	 431.262003	 431.262003
-963106.708857	 228159.759628	 163599.035602	 -1824.008298	 431.262003	 431.262003
-964930.717154	 228591.021631	 163908.492272	 -1824.008298	 431.262003	 431.262003
-966754.725452	 229022.283635	 164217.948942	 -1824.008298	 431.262003	 431.262003
-968578.733750	 229453.545638	 164527.405612	 -1824.008298	 431.262003	 431.262003
-970402.742048	 229884.807641	 164836.862282	 -1824.008298	 431.262003	 431.262003
-972226.750345	 230316.069645	 165146.318952	 -1824.008298	 431.262003	 431.262003
-974050.758643	 230747.331648	 165455.775622	 -1824.008298	 431.262003	 431.262003
-975874.766941	 231178.593652	 165765.232292	 -1824.008298	 431.262003	 431.262003
-977698.775238	 231609.855655	 166074.688962	 -1824.008298	 431.262003	 431.262003
-979522.783536	 232041.117659	 166384.145632	 -1824.008298	 431.262003	 431.262003
-981346.791834	 232472.379662	 166693.602302	 -1824.008298	 431.262003	 431.262003
-983170.800132	 232903.641666	 167003.058972	 -1824.008298	 431.262003	 431.262003
-984994.808429	 233334.903669	 167312.515642	 -1824.008298	 431.262003	 431.262003
-986818.816727	 233766.165673	 167621.972312	 -1824.008298	 431.262003	 431.262003
-988642.825025	 234197.427676	 167931.428982	 -1824.008298	 431.262003	 431.262003
-990466.833322	 234628.689679	 168240.885653	 -1824.008298	 431.262003	 431.262003
-992290.841620	 235059.951683	 168550.342323	 -1824.008298	 431.262003	 431.262003
-994114.849918	 235491.213686	 168859.798993	 -1824.008298	 431.262003	 431.262003
-995938.858215	 235922.475690	 169169.255663	 -1824.008298	 431.262003	 431.262003
-997762.866513	 236353.737693	 169478.712333	 -1824.008298	 431.262003	 431.262003
-999586.874811	 236784.999697	 169788.169003	 -1824.008298	 431.262003	 431.262003
-1001410.883108	 237216.261700	 170097.625673	 -1824.008298	 431.262003	 431.262003
-1003234.891406	 237647.523704	 170407.082343	 -1824.008298	 431.262003	 431.262003
-1005058.899704	 238078.785707	 170716.539013	 -1824.008298	 431.262003	 431.262003
-1006882.908001	 238510.047710	 171025.995683	 -1824.008298	 431.262003	 431.262003
-1008706.916299	 238941.309714	 171335.452353	 -1824.008298	 431.262003	 431.262003
-1010530.924597	 239372.571717	 171644.909023	 -1824.008298	 431.262003	 431.262003
-1012354.932894	 239803.833721	 171954.365693	 -1824.008298	 431.262003	 431.262003
-1014178.941192	 240235.095724	 172263.822363	 -1824.008298	 431.262003	 431.262003
-1016002.949490	 240666.357728	 172573.279033	 -1824.008298	 431.262003	 431.262003
-1017826.957787	 241097.619731	 172882.735703	 -1824.008298	 431.262003	 431.262003
-1019650.966085	 241528.881734	 173192.192373	 -1824.008298	 431.262003	 431.262003
-1021474.974383	 241960.143738	 173501.649043	 -1824.008298	 431.262003	 431.262003
-1023298.982680	 242391.405741	 173811.105713	 -1824.008298	 431.262003	 431.262003
-1025122.990978	 242822.667745	 174120.562383	 -1824.008298	 431.262003	 431.262003
-1026946.999275	 243253.929748	 174430.019053	 -1824.008298	 431.262003	 431.262003
-1028771.007573	 243685.191752	 174739.475723	 -1824.008298	 431.262003	 431.262003
-1030595.015871	 244116.453755	 175048.932393	 -1824.008298	 431.262003	 431.262003
-1032419.024168	 244547.715759	 175358.389064	 -1824.008298	 431.262003	 431.262003
-1034243.032466	 244978.977762	 175667.845734	 -1824.008298	 431.262003	 431.262003
-1036067.040763	 245410.239765	 175977.302404	 -1824.008298	 431.262003	 431.262003
-1037891.049061	 245841.501769	 176286.759074	 -1824.008298	 431.262003	 431.262003
-1039715.057359	 246272.763772	 176596.215744	 -1824.008298	 431.262003	 431.262003
-1041539.065656	 246704.025776	 176905.672414	 -1824.008298	 431.262003	 431.262003
-1043363.073954	 247135.287779	 177215.129084	 -1824.008298	 431.262003	 431.262003
-1045187.082251	 247566.549782	 177524.585754	 -1824.008298	 431.262003	 431.262003
-1047011.090549	 247997.811786	 177834.042424	 -1824.008298	 431.262003	 431.262003
-1048835.098847	 248429.073789	 178143.499094	 -1824.008298	 431.262003	 431.262003
-1050659.107144	 248860.335793	 178452.955764	 -1824.008298	 431.262003	 431.262003
-1052483.115442	 249291.597796	 178762.412434	 -1824.008298	 431.262003	 431.262003
-1054307.123739	 249722.859800	 179071.869104	 -1824.008298	 431.262003	 431.262003
-1056131.132037	 250154.121803	 179381.325774	 -1824.008298	 431.262003	 431.262003
-1057955.140334	 250585.383806	 179690.782444	 -1824.008298	 431.262003	 431.262003
-1059779.148632	 251016.645810	 180000.239114	 -1824.008298	 431.262003	 431.262003
-1061603.156929	 251447.907813	 180309.695784	 -1824.008298	 431.262003	 431.262003
-1063427.165227	 251879.169817	 180619.152454	 -1824.008298	 431.262003	 431.262003
-1065251.173524	 252310.431820	 180928.609124	 -1824.008298	 431.262003	 431.262003
-1067075.181822	 252741.693823	 181238.065794	 -1824.008298	 431.262003	 431.262003
-1068899.190120	 253172.955827	 181547.522464	 -1824.008298	 431.262003	 431.262003
-1070723.198417	 253604.217830	 181856.979134	 -1824.008298	 431.262003	 431.262003
-1072547.206715	 254035.479834	 182166.435804	 -1824.008298	 431.262003	 431.262003
-1074371.215012	 254466.741837	 182475.892474	 -1824.008298	 431.262003	 431.262003
-1076195.223310	 254898.003841	 182785.349144	 -1824.008298	 431.262003	 431.262003
-1078019.231607	 255329.265844	 183094.805814	 -1824.008298	 431.262003	 431.262003
-1079843.239905	 255760.527847	 183404.262484	 -1824.008298	 431.262003	 431.262003
-1081667.248202	 256191.789851	 183713.719154	 -1824.008298	 431.262003	 431.262003
-1083491.256500	 256623.051854	 184023.175824	 -1824.008298	 431.262003	 431.262003
-1085315.264797	 257054.313858	 184332.632494	 -1824.008298	 431.262003	 431.262003
-1087139.273095	 257485.575861	 184642.089164	 -1824.008297	 431.262003	 431.262003
-1088963.281392	 257916.837864	 184951.545834	 -1824.008297	 431.262003	 431.262003
-1090787.289690	 258348.099868	 185261.002504	 -1824.008297	 431.262003	 431.262003
-1092611.297987	 258779.361871	 185570.459174	 -1824.008297	 431.262003	 431.262003
-1094435.306285	 259210.623875	 185879.915844	 -1824.008297	 431.262003	 431.262003
-1096259.314582	 259641.885878	 186189.372514	 -1824.008297	 431.262003	 431.262003
-1098083.322880	 260073.147881	 186498.829184	 -1824.008297	 431.262003	 431.262003
-1099907.331177	 260504.409885	 186808.285854	 -1824.008297	 431.262003	 431.262003
-1101731.339475	 260935.671888	 187117.742524	 -1824.008297	 431.262003	 431.262003
-1103555.347772	 261366.933892	 187427.199194	 -1824.008297	 431.262003	 431.262003
-1105379.356070	 261798.195895	 187736.655864	 -1824.008297	 431.262003	 431.262003
-1107203.364367	 262229.457898	 188046.112534	 -1824.008297	 431.262003	 431.262003
-1109027.372665	 262660.719902	 188355.569205	 -1824.008297	 431.262003	 431.262003
-1110851.380962	 263091.981905	 188665.025875	 -1824.008297	 431.262003	 431.262003
-1112675.389259	 263523.243908	 188974.482545	 -1824.008297	 431.262003	 431.262003
-1114499.397557	 263954.505912	 189283.939215	 -1824.008297	 431.262003	 431.262003
-1116323.405854	 264385.767915	 189593.395885	 -1824.008297	 431.262003	 431.262003
-1118147.414152	 264817.029919	 189902.852555	 -1824.008297	 431.262003	 431.262003
-1119971.422449	 265248.291922	 190212.309225	 -1824.008297	 431.262003	 431.262003
-1121795.430747	 265679.553925	 190521.765895	 -1824.008297	 431.262003	 431.262003
