87.314087	92.071899	94.215256	95.310394	95.921257	96.279533	96.492950	96.617279	96.684006	96.712303	96.714432	96.698639	96.670753	96.634888	96.594109	96.550690	96.506386	96.462524	96.420113	96.379898	96.342468	96.308151	96.277237	96.249756	96.225677	96.204811	96.186874	96.171371	96.157722	96.145126	96.132614	96.118942	96.102654	96.081871	96.054276	96.016983	95.966324	95.897606	95.804558	95.678894	95.509048	95.278488	94.962791	94.523819	93.898727	92.976227	91.541122	89.130371	84.616470	74.867378	
82.185661	86.758812	89.478653	91.104324	92.093704	92.701889	93.072380	93.288925	93.402733	93.446487	93.441971	93.404190	93.343811	93.268585	93.184341	93.095383	93.005096	92.916054	92.830185	92.748962	92.673492	92.604462	92.542343	92.487305	92.439232	92.397766	92.362274	92.331894	92.305412	92.281250	92.257538	92.231842	92.201271	92.162178	92.110107	92.039436	91.943146	91.812195	91.634827	91.395393	91.072556	90.636383	90.043526	89.228874	88.090424	86.461082	84.054436	80.360954	74.465652	64.851135	
79.674126	83.303963	85.841614	87.540436	88.653618	89.368652	89.812790	90.070724	90.199211	90.236969	90.211067	90.140846	90.040382	89.920197	89.788193	89.650497	89.511749	89.375595	89.244804	89.121475	89.007172	88.902908	88.809334	88.726685	88.654770	88.593079	88.540726	88.496368	88.458252	88.424141	88.391235	88.356049	88.314392	88.261032	88.189590	88.092117	87.958725	87.776817	87.530235	87.197861	86.751450	86.152458	85.347054	84.258209	82.772964	80.722641	77.853577	73.791809	68.032074	60.069069	
78.214455	80.950562	83.054420	84.574722	85.625778	86.321800	86.756256	87.000114	87.105759	87.111588	87.045998	86.930130	86.779930	86.607590	86.422485	86.231918	86.041573	85.855911	85.678398	85.511650	85.357559	85.217461	85.092117	84.981827	84.886353	84.805008	84.736618	84.679482	84.631348	84.589310	84.549835	84.508514	84.459961	84.397659	84.313629	84.198044	84.038803	83.820770	83.524765	83.126251	82.593315	81.883842	80.941467	79.689850	78.024979	75.805885	72.846764	68.920563	63.800240	57.390133	
77.243881	79.243126	80.867294	82.097511	82.974838	83.560867	83.917038	84.096634	84.143051	84.090530	83.965919	83.790131	83.579544	83.347000	83.102676	82.854607	82.609131	82.371307	82.145058	81.933372	81.738480	81.561905	81.404510	81.266602	81.147896	81.047554	80.964165	80.895676	80.839386	80.791885	80.748947	80.705368	80.654884	80.589905	80.501236	80.377731	80.205750	79.968552	79.645401	79.210320	78.630592	77.864571	76.859062	75.546188	73.840126	71.635544	68.810959	65.244904	60.857162	55.687767	
76.531868	77.928802	79.096222	79.999115	80.644806	81.062904	81.290855	81.366005	81.321846	81.186905	80.984909	80.735207	80.453537	80.152634	79.842796	79.532394	79.228088	78.935272	78.658173	78.400055	78.163307	77.949600	77.759872	77.594437	77.452919	77.334366	77.237122	77.158859	77.096527	77.046249	77.003265	76.961769	76.914795	76.853966	76.769295	76.648758	76.477921	76.239342	75.911865	75.469742	74.881516	74.108719	73.104523	71.812660	70.167252	68.095116	65.523010	62.393822	58.695213	54.499912	
75.971771	76.866318	77.617203	78.190422	78.579651	78.796875	78.863617	78.804886	78.645432	78.407990	78.112579	77.776291	77.413597	77.036552	76.655182	76.277756	75.911026	75.560471	75.230453	74.924408	74.644806	74.393372	74.171097	73.978271	73.814438	73.678513	73.568680	73.482361	73.416183	73.365959	73.326523	73.291603	73.253769	73.204147	73.132278	73.025726	72.869820	72.647163	72.337120	71.915283	71.352776	70.615662	69.664612	68.455177	66.939079	65.068069	62.801071	60.116562	57.029938	53.612328	
75.508934	75.974030	76.348694	76.604630	76.731247	76.731598	76.617424	76.404999	76.112221	75.756699	75.354797	74.921272	74.468933	74.008865	73.550507	73.101791	72.669304	72.258484	71.873680	71.518341	71.194977	70.905319	70.650375	70.430359	70.244751	70.092369	69.971230	69.878571	69.810837	69.763535	69.731232	69.707382	69.684258	69.652740	69.602203	69.520187	69.392212	69.201477	68.928474	68.550789	68.042725	67.375320	66.516533	65.432251	64.088242	62.453892	60.508041	58.247364	55.696182	52.914692	
75.112785	75.202690	75.236908	75.193283	75.061104	74.839378	74.534210	74.156113	73.717865	73.233002	72.714767	72.175560	71.626587	71.077789	70.537842	70.014160	69.513077	69.039795	68.598579	68.192810	67.824951	67.496712	67.209045	66.962112	66.755348	66.587433	66.456299	66.359039	66.291946	66.250343	66.228638	66.220146	66.217003	66.210098	66.188812	66.140968	66.052620	65.907867	65.688705	65.374969	64.944298	64.372391	63.633644	62.702328	61.554581	60.171547	58.543678	56.676086	54.593796	52.345070	
74.765182	74.521515	74.245850	73.921555	73.539413	73.097000	72.597404	72.047531	71.456642	70.835129	70.193695	69.542694	68.891785	68.249825	67.624664	67.023148	66.451172	65.913696	65.414803	64.957733	64.544861	64.177834	63.857533	63.584049	63.356758	63.174271	63.034416	62.934212	62.869843	62.836555	62.828690	62.839508	62.861191	62.884705	62.899712	62.894489	62.855804	62.768867	62.617283	62.383156	62.047234	61.589359	60.989182	60.227345	59.287300	58.157677	56.835289	55.328392	53.659466	51.866257	
74.454651	73.910370	73.350990	72.764435	72.143478	71.485672	70.792686	70.069313	69.322456	68.560257	67.791435	67.024651	66.268265	65.530075	64.817123	64.135666	63.491177	62.888298	62.330864	61.821930	61.363777	60.957932	60.605202	60.305618	60.058483	59.862362	59.715012	59.613403	59.553677	59.531067	59.539913	59.573555	59.624271	59.683277	59.740616	59.785099	59.804340	59.784714	59.711422	59.568665	59.339935	59.008484	58.558083	57.974083	57.244827	56.363461	55.329956	54.153038	52.851543	51.454613	
74.173683	73.355751	72.535225	71.703690	70.856018	69.990387	69.108002	68.212494	67.309311	66.405060	65.506943	64.622345	63.758499	62.922287	62.120018	61.357410	60.639473	59.970493	59.354073	58.793076	58.289627	57.845146	57.460335	57.135174	56.868919	56.660061	56.506355	56.404747	56.351364	56.341492	56.369541	56.428963	56.512268	56.610947	56.715508	56.815384	56.899025	56.953949	56.966816	56.923706	56.810398	56.612862	56.317978	55.914387	55.393627	54.751373	53.988861	53.113937	52.141731	51.094437	
73.917160	72.848282	71.786346	70.725937	69.663864	68.599197	67.533264	66.469200	65.411568	64.365982	63.338593	62.335777	61.363914	60.429077	59.536991	58.692806	57.901131	57.165932	56.490543	55.877621	55.329140	54.846397	54.430012	54.079895	53.795250	53.574539	53.415508	53.315117	53.269543	53.274147	53.323425	53.411049	53.529751	53.671402	53.826950	53.986496	54.139290	54.273895	54.378284	54.440109	54.446991	54.387012	54.249313	54.024757	53.706810	53.292473	52.783127	52.185135	51.510185	50.774952	
73.681473	72.381279	71.095474	69.821121	68.556786	67.302551	66.060120	64.832558	63.624004	62.439430	61.284309	60.164280	59.085045	58.052071	57.070518	56.145111	55.280083	54.479073	53.745163	53.080811	52.487846	51.967434	51.520119	51.145737	50.843452	50.611725	50.448303	50.350174	50.313606	50.334045	50.406155	50.523788	50.679993	50.866985	51.076229	51.298393	51.523518	51.741062	51.940125	52.109657	52.238735	52.317017	52.335201	52.285610	52.162827	51.964302	51.690968	51.347530	50.942635	50.488472	
73.463966	71.949783	70.455917	68.981552	67.526733	66.092628	64.681458	63.296471	61.941681	60.621738	59.341621	58.106525	56.921608	55.791885	54.722065	53.716496	52.779064	51.913155	51.121597	50.406654	49.770020	49.212746	48.735275	48.337402	48.018253	47.776295	47.609283	47.514297	47.487648	47.524929	47.620995	47.769905	47.965019	48.198914	48.463497	48.750031	49.049221	49.351341	49.646400	49.924385	50.175480	50.390491	50.561165	50.680717	50.744247	50.749199	50.695702	50.586830	50.428551	50.229416	
73.262665	71.550018	69.862534	68.201103	66.567177	64.962914	63.391174	61.855499	60.359993	58.909157	57.507744	56.160606	54.872574	53.648270	52.492073	51.408020	50.399704	49.470253	48.622299	47.857941	47.178707	46.585556	46.078846	45.658318	45.323097	45.071651	44.901768	44.810577	44.794525	44.849342	44.970047	45.150959	45.385715	45.667263	45.987938	46.339520	46.713287	47.100216	47.491062	47.876602	48.247871	48.596436	48.914764	49.196510	49.436935	49.633133	49.784359	49.892075	49.959946	49.993557	
73.075989	71.178978	69.311127	67.474785	65.672638	63.907795	62.183784	60.504555	58.874393	57.297817	55.779488	54.324074	52.936150	51.620094	50.380013	49.219685	48.142464	47.151260	46.248535	45.436211	44.715691	44.087833	43.552925	43.110680	42.760189	42.499931	42.327774	42.240902	42.235863	42.308563	42.454205	42.667339	42.941887	43.271141	43.647835	44.064201	44.512032	44.982857	45.468040	45.958969	46.447281	46.925064	47.385193	47.821510	48.229160	48.604759	48.946602	49.254684	49.530670	49.777699	
72.902649	70.834160	68.798157	66.798279	64.838310	62.922234	61.054264	59.238785	57.480370	55.783653	54.153282	52.593880	51.109848	49.705391	48.384418	47.150475	46.006744	44.955956	44.000381	43.141819	42.381546	41.720329	41.158394	40.695412	40.330463	40.062061	39.888115	39.805904	39.812103	39.902744	40.073250	40.318382	40.632339	41.008747	41.440678	41.920769	42.441265	42.994129	43.571224	44.164383	44.765678	45.367516	45.962967	46.545872	47.111115	47.654747	48.174088	48.667820	49.135872	49.579292	
72.741501	70.513405	68.320572	66.167786	64.059853	62.001564	59.997780	58.053394	56.173290	54.362301	52.625145	50.966412	49.390461	47.901360	46.502861	45.198364	43.990875	42.882965	41.876759	40.973923	40.175629	39.482555	38.894867	38.412205	38.033646	37.757729	37.582413	37.505081	37.522507	37.630909	37.825859	38.102386	38.454918	38.877377	39.363174	39.905285	40.496334	41.128670	41.794498	42.486004	43.195541	43.915714	44.639633	45.361015	46.074402	46.775208	47.459873	48.125854	48.771561	49.396282	
72.591537	70.214706	67.875488	65.579720	63.333103	61.141228	59.009567	56.943535	54.948341	53.029068	51.190559	49.437447	47.774048	46.204369	44.732056	43.360359	42.092148	40.929852	39.875473	38.930546	38.096153	37.372868	36.760811	36.259586	35.868279	35.585449	35.409119	35.336754	35.365257	35.490993	35.709732	36.016697	36.406586	36.873569	37.411369	38.013268	38.672199	39.380821	40.131641	40.917091	41.729683	42.562141	43.407505	44.259296	45.111656	45.959389	46.798073	47.624058	48.434429	49.226974	
72.451782	69.936165	67.460175	65.030609	62.654011	60.336700	58.084782	55.904152	53.800396	51.778843	49.844517	48.002106	46.255947	44.609985	43.067787	41.632496	40.306847	39.093151	37.993271	37.008621	36.140186	35.388474	34.753532	34.234940	33.831772	33.542629	33.365582	33.298187	33.337471	33.479935	33.721546	34.057739	34.483429	34.993057	35.580601	36.239628	36.963341	37.744663	38.576324	39.450951	40.361145	41.299660	42.259438	43.233742	44.216286	45.201294	46.183517	47.158329	48.121643	49.069893	
72.321259	69.675919	67.071945	64.516991	62.018444	59.583336	57.218372	54.929909	52.723938	50.606049	48.581444	46.654892	44.830753	43.112961	41.505001	40.009911	38.630310	37.368370	36.225842	35.204021	34.303772	33.525532	32.869286	32.334572	31.920481	31.625618	31.448107	31.385605	31.435261	31.593710	31.857103	32.221077	32.680779	33.230873	33.865601	34.578777	35.363853	36.213982	37.122070	38.080879	39.083096	40.121426	41.188667	42.277836	43.382225	44.495468	45.611580	46.725021	47.830662	48.923767	
72.199005	69.432037	66.707947	64.035278	61.422150	58.876297	56.405014	54.015152	51.713058	49.504612	47.395172	45.389626	43.492363	41.707294	40.037807	38.486862	37.056946	35.750099	34.567932	33.511627	32.581924	31.779184	31.103313	30.553806	30.129753	29.829773	29.652050	29.594315	29.653835	29.827412	30.111351	30.501490	30.993191	31.581367	32.260490	33.024605	33.867401	34.782227	35.762169	36.800072	37.888691	39.020664	40.188648	41.385384	42.603745	43.836830	45.077965	46.320782	47.559193	48.787430	
72.084030	69.202545	66.365326	63.581707	60.860611	58.210438	55.639057	53.153770	50.761333	48.467873	46.278927	44.199482	42.233955	40.386192	38.659523	37.056782	35.580322	34.232044	33.013405	31.925430	30.968769	30.143661	29.449936	28.887041	28.454039	28.149570	27.971869	27.918751	27.987589	28.175327	28.478458	28.893013	29.414564	30.038265	30.758816	31.570499	32.467220	33.442532	34.489670	35.601585	36.771053	37.990669	39.252930	40.550316	41.875324	43.220524	44.578606	45.942436	47.305061	48.659752	
71.975220	68.985336	66.040962	63.152321	60.329071	57.580276	54.914398	52.339214	49.861832	47.488640	45.225327	43.076969	41.047974	39.142136	37.362682	35.712303	34.193199	32.807083	31.555260	30.438599	29.457592	28.612360	27.902647	27.327839	26.886961	26.578669	26.401237	26.352554	26.430119	26.631012	26.951897	27.389013	27.938158	28.594704	29.353600	30.209375	31.156155	32.187675	33.297348	34.478233	35.723137	37.024616	38.375023	39.766605	41.191483	42.641754	44.109512	45.586906	47.066177	48.539696	
71.871460	68.778137	65.731575	62.742832	59.822350	56.979893	54.224495	51.564392	49.007042	46.559074	44.226326	42.013908	39.926201	37.966904	36.139118	34.445343	32.887589	31.467371	30.185789	29.043533	28.040928	27.177940	26.454212	25.869049	25.421434	25.110020	24.933125	24.888706	24.974377	25.187366	25.524513	25.982260	26.556648	27.243286	28.037373	28.933691	29.926603	31.010073	32.177673	33.422607	34.737717	36.115547	37.548359	39.028152	40.546734	42.095749	43.666718	45.251125	46.840439	48.426189	
71.771500	68.578514	65.433563	62.348602	59.334885	56.402882	53.562229	50.821613	48.188824	45.670708	43.273224	41.001465	38.859734	36.851604	34.979977	33.247131	31.654846	30.204391	28.896618	27.732002	26.710667	25.832413	25.096748	24.502884	24.049742	23.735966	23.559902	23.519587	23.612740	23.836739	24.188610	24.665012	25.262230	25.976139	26.802208	27.735485	28.770605	29.901775	31.122768	32.426956	33.807270	35.256279	36.766151	38.328697	39.935440	41.577591	43.246159	44.931969	46.625732	48.318169	
71.673981	68.383789	65.143005	61.964561	58.860573	55.842274	52.919884	50.102562	47.398392	44.814423	42.356651	40.030128	37.839020	35.786690	33.875782	32.108315	30.485744	29.009052	27.678808	26.495224	25.458179	24.567286	23.821880	23.221060	22.763683	22.448364	22.273476	22.237114	22.337118	22.571018	22.936043	23.429081	24.046667	24.784971	25.639763	26.606394	27.679798	28.854465	30.124424	31.483234	32.923992	34.439312	36.021332	37.661720	39.351734	41.082214	42.843632	44.626190	46.419865	48.214516	
71.577377	68.191010	64.855598	61.585159	58.392769	55.290447	52.289043	49.398170	46.626232	43.980347	41.466537	39.089722	36.853851	34.762005	32.816490	31.018965	29.370518	27.871775	26.522953	25.323961	24.274395	23.373627	22.620810	22.014900	21.554672	21.238697	21.065359	21.032825	21.139051	21.381737	21.758308	22.265911	22.901360	23.661140	24.541349	25.537697	26.645454	27.859451	29.174026	30.583000	32.079674	33.656776	35.306473	37.020355	38.789448	40.604225	42.454681	44.330349	46.220482	48.114063	
71.480057	67.996872	64.566513	61.204201	57.924068	54.738991	51.660484	48.698612	45.861996	43.157837	40.592079	38.169388	35.893410	33.766838	31.791534	29.968708	28.298998	26.782593	25.419306	24.208656	23.149937	22.242228	21.484470	20.875458	20.413849	20.098169	19.926819	19.898018	20.009844	20.260170	20.646650	21.166695	21.817438	22.595701	23.497971	24.520348	25.658510	26.907686	28.262594	29.717400	31.265678	32.900368	34.613724	36.397308	38.241974	40.137871	42.074486	44.040749	46.025070	48.015518	
71.380081	67.797668	64.270370	60.814793	57.446262	54.178619	51.024063	47.993080	45.094475	42.335457	39.721706	37.257584	34.946259	32.789913	30.789864	28.946739	27.260643	25.731228	24.357822	23.139517	22.075214	21.163696	20.403633	19.793633	19.332230	19.017879	18.848988	18.823845	18.940643	19.197445	19.592144	20.122446	20.785824	21.579498	22.500376	23.545010	24.709568	25.989748	27.380737	28.877136	30.472898	32.161255	33.934662	35.784714	37.702171	39.676876	41.697853	43.753326	45.830841	47.917480	
71.275330	67.589188	63.961029	60.409096	56.950096	53.598930	50.368504	47.269722	44.311462	41.500790	38.843033	36.342033	34.000351	31.819481	29.800034	27.941959	26.244677	24.707218	23.328346	22.106647	21.040588	20.128592	19.369034	18.760305	18.300797	17.988895	17.822989	17.801439	17.922577	18.184647	18.585812	19.124088	19.797344	20.603224	21.539127	22.602131	23.788952	25.095871	26.518639	28.052418	29.691656	31.430008	33.260223	35.174068	37.162235	39.214363	41.318962	43.463547	45.634705	47.818359	
71.163261	67.366508	63.631393	59.978127	56.425037	52.988186	49.681236	46.515404	43.499573	40.640442	37.942802	35.409760	33.043060	30.843313	28.810268	26.943016	25.240170	23.700024	22.320694	21.100182	20.036469	19.127556	18.371510	17.766472	17.310665	17.002403	16.840054	16.822052	16.946857	17.212933	17.618717	18.162579	18.842800	19.657520	20.604675	21.681953	22.886719	24.215939	25.666058	27.232929	28.911655	30.696457	32.580551	34.555981	36.613518	38.742607	40.931286	43.166286	45.433121	47.716385	
71.040939	67.123856	63.273174	59.511482	55.858971	52.333031	48.948071	45.715546	42.644100	39.739868	37.006794	34.447021	32.061184	29.848797	27.808512	25.938404	24.236130	22.699135	21.324772	20.110394	19.053432	18.151436	17.402117	16.803349	16.353180	16.049829	15.891651	15.877146	16.004913	16.273649	16.682091	17.228989	17.913080	18.733040	19.687428	20.774612	21.992714	23.339504	24.812290	26.407766	28.121880	29.949617	31.884842	33.920074	36.046307	38.252869	40.527351	42.855644	45.222000	47.609428	
70.904800	66.854370	62.876556	58.996883	55.237778	51.618084	48.152916	44.853779	41.728817	38.783241	36.019814	33.439312	31.040993	28.822960	26.782551	24.916599	23.221661	21.694199	20.330711	19.127829	18.082375	17.191410	16.452261	15.862520	15.420048	15.122954	14.969587	14.958514	15.088491	15.358446	15.767433	16.314623	16.999245	17.820566	18.777824	19.870174	21.096603	22.455830	23.946182	25.565407	27.310514	29.177517	31.161179	33.254711	35.449554	37.735092	40.098480	42.524681	44.996506	47.495018	
70.750496	66.549606	62.429588	58.419617	54.544739	50.825394	47.277290	43.911667	40.735733	37.753326	34.965542	32.371372	29.968264	27.752594	25.720100	23.866165	22.186073	20.675175	19.329023	18.143457	17.114645	16.239134	15.513839	14.936060	14.503458	14.214045	14.066154	14.058427	14.189778	14.459384	14.866638	15.411142	16.092665	16.911102	17.866459	18.958755	20.187962	21.553902	23.056118	24.693653	26.464848	28.367050	30.396248	32.546707	34.810581	37.177513	39.634369	42.165092	44.750801	47.370148	
70.572586	66.199135	61.917641	57.761803	53.759827	49.933819	46.299793	42.868240	39.644821	36.631340	33.826591	31.227213	28.828375	26.624348	24.608959	22.775911	21.119045	19.632479	18.310736	17.148804	16.142178	15.286856	14.579342	14.016637	13.596207	13.315960	13.174225	13.169718	13.301521	13.569064	13.972096	14.510667	15.185111	15.996009	16.944176	18.030590	19.256342	20.622517	22.130072	23.779621	25.571180	27.503792	29.575127	31.780949	34.114544	36.566185	39.122620	41.766747	44.477676	47.231056	
70.364113	65.789703	61.322281	57.001312	52.858700	48.918133	45.195457	41.699593	38.433754	35.396793	32.584412	29.990189	27.606447	25.424921	23.437202	21.635092	20.010813	18.557158	17.267555	16.136116	15.157633	14.327562	13.642000	13.097653	12.691802	12.422266	12.287363	12.285900	12.417129	12.680736	13.076826	13.605917	14.268914	15.067123	16.002216	17.076210	18.291416	19.650360	21.155643	22.809742	24.614727	26.571836	28.680960	30.939976	33.343948	35.884296	38.548016	41.317024	44.168064	47.073002	
70.115959	65.304077	60.619904	56.110279	51.811310	47.747971	43.934952	40.378357	37.077637	34.027489	31.219429	28.643169	26.287548	24.141281	22.193413	20.433613	18.852379	17.441090	16.192059	15.098508	14.154545	13.355101	12.695889	12.173342	11.784575	11.527331	11.399935	11.401280	11.530790	11.788412	12.174599	12.690329	13.337090	14.116915	15.032370	16.086563	17.283131	18.626179	20.120184	21.769810	23.579617	25.553612	27.694630	30.003471	32.477879	35.111271	37.891529	40.799858	43.810272	46.889816	
69.815872	64.719330	59.779625	55.053005	50.580177	46.386436	42.483658	38.873207	35.548866	32.499519	29.711235	27.168846	24.857025	22.761002	20.866974	19.162333	17.635750	16.277191	15.077855	14.030123	13.127455	12.364302	11.736037	11.238868	10.869768	10.626425	10.507187	10.511040	10.637573	10.886980	11.260054	11.758207	12.383501	13.138673	14.027188	15.053268	16.221930	17.538984	19.010998	20.645130	22.448917	24.429794	26.594406	28.947613	31.491079	34.221558	37.128929	40.194328	43.388794	46.673210	
69.446884	64.004120	58.760098	53.782993	49.117897	44.788406	40.800724	37.148449	33.817078	30.787565	28.038963	25.550158	23.300945	21.272663	19.448463	17.813362	16.354229	15.059651	13.919803	12.926300	12.072042	11.351090	10.758539	10.290421	9.943619	9.715793	9.605331	9.611318	9.733500	9.972300	10.328815	10.804859	11.403015	12.126684	12.980186	13.968834	15.099040	16.378378	17.815641	19.420788	21.204800	23.179262	25.355709	27.744453	30.352873	33.183052	36.228813	39.472565	42.882526	46.411758	
68.984642	63.114319	57.504707	52.238647	47.364006	42.898605	38.838097	35.163868	31.849510	28.865463	26.182001	23.770971	21.606724	19.666428	17.930105	16.380474	15.002710	13.784182	12.714188	11.783722	10.985268	10.312593	9.760622	9.325285	9.003425	8.792720	8.691615	8.699293	8.815649	9.041298	9.377608	9.826726	10.391676	11.076447	11.886118	12.827005	13.906839	15.134941	16.522381	18.082108	19.828941	21.779377	23.950991	26.361307	29.025831	31.954960	35.149727	38.596527	42.261864	46.089127	
68.392838	61.985813	55.934052	50.337208	45.240990	40.649513	36.539970	32.875065	29.611862	26.707264	24.121014	21.817062	19.763948	17.934673	16.306305	14.859499	13.578014	12.448265	11.458921	10.600574	9.865459	9.247221	8.740719	8.341881	8.047585	7.855563	7.764345	7.773214	7.882193	8.092053	8.404357	8.821512	9.346876	9.984890	10.741242	11.623087	12.639305	13.800796	15.120825	16.615337	18.303234	20.206507	22.349964	24.760349	27.464399	30.485142	33.836102	37.512978	41.483845	45.681023	
67.614761	60.521858	53.933990	47.966106	42.649429	37.959671	33.843071	30.234837	27.069992	24.288927	21.839500	19.677353	17.765377	16.072805	14.574239	13.248770	12.079202	11.051384	10.153705	9.376640	8.712416	8.154720	7.698509	7.339814	7.075626	6.903787	6.822932	6.832444	6.932451	7.123829	7.408258	7.788300	8.267506	8.850588	9.543633	10.354373	11.292540	12.370302	13.602790	15.008692	16.610916	18.437199	20.520504	22.898815	25.613752	28.706898	32.212570	36.145576	40.483826	45.149563	
66.556671	58.570477	51.336666	44.971413	39.463280	34.733429	30.678776	27.196093	24.192911	21.590944	19.325850	17.345535	15.608150	14.080119	12.734489	11.549574	10.507874	9.595229	8.800173	8.113411	7.527431	7.036201	6.634922	6.319858	6.088193	5.937941	5.867862	5.877448	5.966891	6.137119	6.389843	6.727642	7.154093	7.673966	8.293458	9.020530	9.865344	10.840817	11.963352	13.253745	14.738308	16.450169	18.430653	20.730431	23.409664	26.535780	30.176170	34.382175	39.160316	44.432152	
65.052185	55.882133	47.890713	41.143906	35.527271	30.864349	26.978573	23.717384	20.957397	18.601887	16.575974	14.821911	13.295036	11.960649	10.791599	9.766506	8.868422	8.083839	7.401953	6.814098	6.313335	5.894130	5.552119	5.283923	5.087015	4.959628	4.900685	4.909770	4.987118	5.133639	5.350975	5.641583	6.008879	6.457430	6.993217	7.623995	8.359793	9.213562	10.202082	11.347151	12.677185	14.229353	16.052237	18.209034	20.780752	23.867908	27.587112	32.054947	37.346779	43.417786	
62.779110	52.028397	43.217323	36.207180	30.662094	26.246078	22.684948	19.771646	17.354408	15.322821	13.596260	12.115314	10.835684	9.723939	8.754532	7.907732	7.168142	6.523654	5.964684	5.483620	5.074411	4.732266	4.453427	4.234999	4.074836	3.971444	3.923929	3.931969	3.995805	4.116267	4.294822	4.533665	4.835846	5.205460	5.647905	6.170246	6.781716	7.494418	8.324311	9.292601	10.427727	11.768211	13.366729	15.295837	17.655708	20.583408	24.260832	28.911125	34.757446	41.891594	
59.043392	46.246040	36.757347	29.822968	24.688469	20.796452	17.769760	15.358670	13.396971	11.772139	10.406381	9.244722	8.247488	7.385489	6.636879	5.985050	5.417220	4.923442	4.495918	4.128495	3.816317	3.555556	3.343227	3.177044	3.055312	2.976866	2.941016	2.947526	2.996612	3.088961	3.225772	3.408839	3.640655	3.924575	4.265050	4.667949	5.141012	5.694513	6.342208	7.102733	8.001712	9.074969	10.373550	11.971680	13.979393	16.562447	19.971579	24.577768	30.883385	39.390812	
52.154381	37.163811	27.754620	21.653076	17.489092	14.500610	12.260311	10.519762	9.128079	7.989610	7.041302	6.240138	5.555892	4.966773	4.456726	4.013703	3.628524	3.294104	3.004923	2.756653	2.545893	2.369973	2.226819	2.114845	2.032883	1.980133	1.956126	1.960709	1.994042	2.056619	2.149291	2.273326	2.430494	2.623180	2.854560	3.128846	3.451632	3.830418	4.275358	4.800430	5.425226	6.177871	7.099847	8.254391	9.741571	11.726515	14.493643	18.550570	24.810286	34.788265	
37.414623	22.506781	15.452990	11.556419	9.126986	7.471241	6.267538	5.350055	4.625576	4.037949	3.551417	3.142182	2.793816	2.494630	2.236104	2.011892	1.817189	1.648306	1.502384	1.377184	1.270955	1.182324	1.110229	1.053857	1.012613	0.986089	0.974049	0.976417	0.993282	1.024900	1.071713	1.134380	1.213819	1.311270	1.428388	1.567375	1.731171	1.923735	2.150476	2.418905	2.739696	3.128433	3.608675	4.217588	5.017054	6.117373	7.732740	10.325241	15.021399	24.952259	
