87.369125	92.180878	94.376938	95.523346	96.183884	96.590118	96.849686	97.018158	97.126999	97.195213	97.234993	97.254524	97.259499	97.253975	97.240982	97.222725	97.200912	97.176796	97.151382	97.125397	97.099335	97.073547	97.048264	97.023560	96.999374	96.975525	96.951714	96.927521	96.902374	96.875549	96.846085	96.812866	96.774460	96.729095	96.674591	96.608170	96.526321	96.424438	96.296471	96.134247	95.926384	95.656586	95.300537	94.820358	94.153351	93.188461	91.710693	89.257187	84.700645	74.909225	
82.296249	86.977791	89.803497	91.532158	92.621338	93.325882	93.789047	94.094307	94.292679	94.416603	94.487717	94.520821	94.526428	94.512161	94.483688	94.445290	94.400192	94.350845	94.299141	94.246490	94.193863	94.142006	94.091293	94.041847	93.993591	93.946167	93.898987	93.851196	93.801651	93.748947	93.691238	93.626297	93.551331	93.462921	93.356804	93.227661	93.068680	92.871132	92.623581	92.310684	91.911476	91.396400	90.722488	89.824974	88.602295	86.887741	84.395325	80.615891	74.634872	64.935242	
79.840378	83.633163	86.329941	88.183556	89.446785	90.306656	90.890091	91.281357	91.536911	91.695160	91.782898	91.819199	91.817902	91.789330	91.741226	91.679504	91.608673	91.532227	91.452827	91.372459	91.292572	91.214157	91.137772	91.063629	90.991547	90.921005	90.851151	90.780731	90.708084	90.631134	90.547195	90.453072	90.344757	90.217323	90.064713	89.879364	89.651749	89.369728	89.017632	88.574799	88.013519	87.295845	86.368500	85.155045	83.543083	81.364578	78.366455	74.175377	68.286667	60.195621	
78.436066	81.389374	83.705338	85.431984	86.683044	87.572151	88.192245	88.613808	88.888794	89.055222	89.141090	89.167206	89.149208	89.098984	89.025703	88.936440	88.836670	88.730667	88.621704	88.512283	88.404190	88.298630	88.196335	88.097534	88.001945	87.908951	87.817390	87.725655	87.631645	87.532623	87.425278	87.305496	87.168182	87.007202	86.815041	86.582336	86.297531	85.946045	85.509323	84.963509	84.277397	83.409607	82.304543	80.886642	79.052704	76.662575	73.531250	69.432495	64.140030	57.559021	
77.520142	79.790131	81.678711	83.166168	84.292816	85.119537	85.707138	86.108292	86.365807	86.513481	86.577667	86.578888	86.533096	86.452850	86.348000	86.226242	86.093765	85.955322	85.814651	85.674576	85.537170	85.403824	85.275337	85.151947	85.033310	84.918640	84.806580	84.695175	84.581902	84.463547	84.336174	84.194931	84.033936	83.846046	83.622650	83.353165	83.024628	82.621033	82.122383	81.503578	80.732750	79.769180	78.560654	77.040253	75.123169	72.705078	69.665512	65.884018	61.281399	55.898643	
76.861618	78.581772	80.064850	81.274849	82.218201	82.923630	83.427887	83.767540	83.975418	84.079514	84.102943	84.064583	83.979713	83.860695	83.717422	83.557938	83.388657	83.214645	83.039879	82.867447	82.699554	82.537704	82.382736	82.234879	82.093742	81.958374	81.827179	81.697975	81.567871	81.433266	81.289703	81.131790	80.953026	80.745605	80.500183	80.205399	79.847641	79.410324	78.873230	78.211601	77.395020	76.386139	75.139305	73.599365	71.701660	69.374222	66.545052	63.158218	59.202606	54.752129	
76.353523	77.622261	78.738579	79.667358	80.401215	80.951157	81.337830	81.585350	81.717773	81.757133	81.722771	81.631264	81.496536	81.330162	81.141785	80.939270	80.729034	80.516251	80.304993	80.098419	79.898819	79.707748	79.526062	79.353943	79.190910	79.035881	78.887108	78.742142	78.597862	78.450302	78.294693	78.125244	77.935013	77.715820	77.457901	77.149658	76.777313	76.324471	75.771591	75.095375	74.268204	73.257423	72.025040	70.527924	68.719231	66.552094	63.986900	61.003494	57.618690	53.904999	
75.940720	76.829102	77.617195	78.275391	78.791939	79.168755	79.416565	79.550697	79.588196	79.545883	79.439453	79.282959	79.088684	78.867142	78.627335	78.376724	78.121559	77.866882	77.616760	77.374313	77.141846	76.920914	76.712311	76.516159	76.331924	76.158394	75.993652	75.835106	75.679398	75.522354	75.358963	75.183197	74.987915	74.764740	74.503822	74.193634	73.820755	73.369476	72.821533	72.155777	71.347946	70.370483	69.192871	67.782562	66.106895	64.136841	61.852867	59.253262	56.363934	53.246635	
75.592346	76.152405	76.645828	77.049072	77.350067	77.546593	77.643608	77.650574	77.579353	77.442581	77.252724	77.021454	76.759338	76.475754	76.178848	75.875549	75.571777	75.272346	74.981140	74.701248	74.434853	74.183464	73.947815	73.727966	73.523270	73.332420	73.153397	72.983475	72.819153	72.656128	72.489220	72.312317	72.118225	71.898590	71.643723	71.342445	70.981964	70.547623	70.022781	69.388695	68.624535	67.707664	66.614120	65.319901	63.802914	62.046085	60.041695	57.796623	55.337685	52.714882	
75.289833	75.560577	75.787445	75.952217	76.044151	76.059547	76.000198	75.871872	75.682785	75.442390	75.160522	74.846764	74.510071	74.158684	73.799828	73.439896	73.084274	72.737518	72.403320	72.084549	71.783310	71.500999	71.238266	70.995094	70.770737	70.563812	70.372231	70.193115	70.022949	69.857315	69.691025	69.517960	69.331001	69.121956	68.881477	68.598938	68.262360	67.858307	67.371857	66.786713	66.085289	65.249191	64.259933	63.100075	61.754982	60.215248	58.479668	56.558491	54.476143	52.272278	
75.021408	75.032906	75.016556	74.958511	74.849960	74.686996	74.469925	74.202278	73.889847	73.539749	73.159760	72.757721	72.341248	71.917450	71.492722	71.072807	70.662659	70.266441	69.887611	69.528801	69.191986	68.878418	68.588654	68.322617	68.079453	67.857697	67.655205	67.469070	67.295700	67.130722	66.968933	66.804314	66.629944	66.437897	66.219284	65.964111	65.661331	65.298752	64.863182	64.340576	63.716190	62.975231	62.103451	61.088264	59.920128	58.594322	57.112968	55.486927	53.737175	51.894943	
74.779282	74.555328	74.315224	74.048683	73.748856	73.412354	73.038872	72.630760	72.192238	71.728798	71.246674	70.752365	70.252304	69.752625	69.258987	68.776527	68.309692	67.862328	67.437531	67.037781	66.664856	66.319885	66.003288	65.714874	65.453773	65.218445	65.006660	64.815536	64.641479	64.480125	64.326416	64.174461	64.017555	63.848183	63.657913	63.437485	63.176754	62.864780	62.489937	62.040146	61.503113	60.866894	60.120499	59.254761	58.263489	57.144688	55.901871	54.545197	53.092079	51.566978	
74.558090	74.117981	73.670517	73.208374	72.726479	72.222221	71.695358	71.147614	70.582291	70.003815	69.417297	68.828163	68.241959	67.663994	67.099289	66.552399	66.027313	65.527527	65.055878	64.614578	64.205238	63.828831	63.485687	63.175507	62.897346	62.649632	62.430115	62.235901	62.063438	61.908470	61.766033	61.630447	61.495300	61.353458	61.197041	61.017448	60.805450	60.551247	60.244606	59.875107	59.432465	58.906940	58.289932	57.574661	56.757004	55.836411	54.816708	53.706726	52.520603	51.277390	
74.354004	73.713715	73.072952	72.426704	71.771568	71.105850	70.429611	69.744415	69.053062	68.359299	67.667480	66.982269	66.308472	65.650772	65.013626	64.401077	63.816730	63.263729	62.744644	62.261475	61.815632	61.407959	61.038658	60.707352	60.413040	60.154102	59.928299	59.732761	59.563972	59.417805	59.289444	59.173443	59.063683	58.953445	58.835369	58.701523	58.543488	58.352470	58.119446	57.835377	57.491531	57.079868	56.593475	56.027153	55.378021	54.646133	53.834984	52.951916	52.008125	51.018349	
74.164215	73.337280	72.515320	71.695305	70.875259	70.054474	69.233444	68.413834	67.598259	66.790070	65.993149	65.211609	64.449715	63.711651	63.001373	62.322563	61.678452	61.071884	60.505157	59.980076	59.497879	59.059250	58.664310	58.312584	58.003014	57.733971	57.503212	57.307915	57.144646	57.009380	56.897488	56.803772	56.722412	56.647072	56.570900	56.486584	56.386425	56.262493	56.106773	55.911343	55.668674	55.371948	55.015450	54.594955	54.108238	53.555435	52.939426	52.265991	51.543800	50.784081	
73.986603	72.984627	71.992088	71.007584	70.030457	69.060852	68.099884	67.149467	66.212196	65.291275	64.390259	63.512959	62.663223	61.844849	61.061428	60.316292	59.612396	58.952290	58.338058	57.771294	57.253086	56.783989	56.364017	55.992619	55.668705	55.390614	55.156128	54.962479	54.806320	54.683746	54.590321	54.521057	54.470490	54.432625	54.401066	54.369049	54.329517	54.275280	54.199112	54.093994	53.953293	53.771072	53.542385	53.263599	52.932709	52.549648	52.116508	51.637604	51.119400	50.570267	
73.819534	72.652603	71.498856	70.358238	69.231247	68.118927	67.022964	65.945625	64.889671	63.858261	62.854839	61.882973	60.946274	60.048233	59.192173	58.381149	57.617851	56.904617	56.243317	55.635361	55.081703	54.582767	54.138474	53.748207	53.410843	53.124710	52.887611	52.696838	52.549126	52.440720	52.367355	52.324284	52.306320	52.307823	52.322807	52.344982	52.367844	52.384796	52.389282	52.374939	52.335800	52.266548	52.162689	52.020882	51.839108	51.616913	51.355530	51.057892	50.728580	50.373589	
73.661652	72.338654	71.031967	69.742805	68.472672	67.223419	65.997375	64.797173	63.625832	62.486599	61.382881	60.318161	59.295860	58.319294	57.391563	56.515495	55.693577	54.927940	54.220291	53.571884	52.983509	52.455505	51.987694	51.579414	51.229485	50.936245	50.697529	50.510685	50.372536	50.279472	50.227409	50.211815	50.227753	50.269920	50.332687	50.410187	50.496368	50.585129	50.670410	50.746376	50.807514	50.848896	50.866318	50.856483	50.817200	50.747524	50.647820	50.519760	50.366306	50.191437	
73.511871	72.040604	70.588409	69.157532	67.750412	66.369682	65.018288	63.699318	62.416054	61.171921	59.970367	58.814865	57.708736	56.655167	55.657108	54.717201	53.837769	53.020767	52.267746	51.579819	50.957661	50.401489	49.911060	49.485634	49.124027	48.824577	48.585136	48.403107	48.275436	48.198624	48.168755	48.181507	48.232185	48.315777	48.426975	48.560261	48.709969	48.870407	49.035900	49.200981	49.360474	49.509666	49.644455	49.761497	49.858311	49.933384	49.986244	50.017452	50.028496	50.021698	
73.369186	71.756592	70.165451	68.598999	67.060532	65.553452	64.081268	62.647518	61.255844	59.909882	58.613182	57.369236	56.181355	55.052635	53.985893	52.983662	52.048111	51.181046	50.383858	49.657562	49.002693	48.419380	47.907295	47.465672	47.093262	46.788437	46.549057	46.372604	46.256104	46.196198	46.189102	46.230713	46.316555	46.441864	46.601627	46.790627	47.003517	47.234909	47.479454	47.731926	47.987373	48.241207	48.489304	48.728172	48.954964	49.167610	49.364841	49.546165	49.711807	49.862640	
73.232765	71.484909	69.760635	68.064102	66.399414	64.770676	63.181969	61.637333	60.140739	58.696072	57.307037	55.977203	54.709854	53.508076	52.374584	51.311790	50.321758	49.406155	48.566246	47.802887	47.116547	46.507233	45.974548	45.517681	45.135365	44.825951	44.587341	44.417072	44.312271	44.269676	44.285690	44.356358	44.477421	44.644352	44.852375	45.096542	45.371780	45.672951	45.994930	46.332695	46.681404	47.036507	47.393814	47.749588	48.100613	48.444260	48.778469	49.101818	49.413406	49.712814	
73.101746	71.223915	69.371613	67.549843	65.763504	64.017387	62.316143	60.664299	59.066177	57.525936	56.047451	54.634380	53.290047	52.017494	50.819386	49.698044	48.655396	47.692970	46.811943	46.013039	45.296593	44.662540	44.110394	43.639290	43.247948	42.934704	42.697498	42.533913	42.441162	42.416115	42.455307	42.554939	42.710968	42.919067	43.174683	43.473099	43.809479	44.178879	44.576366	44.997040	45.436127	45.889069	46.351517	46.819504	47.289406	47.758030	48.222618	48.680847	49.130814	49.570957	
72.975349	70.972031	68.996063	67.053276	65.149307	63.289635	61.479492	59.723862	58.027454	56.394699	54.829659	53.336082	51.917366	50.576496	49.316090	48.138367	47.045158	46.037857	45.117508	44.284706	43.539673	42.882236	42.311852	41.827572	41.428101	41.111755	40.876518	40.720016	40.639549	40.632088	40.694313	40.822586	41.013046	41.261559	41.563797	41.915245	42.311241	42.747040	43.217857	43.718880	44.245365	44.792686	45.356354	45.932117	46.515957	47.104141	47.693214	48.280067	48.861839	49.435936	
72.852730	70.727661	68.631660	66.571373	64.553223	62.583328	60.667511	58.811249	57.019600	55.297272	53.648544	52.077248	50.586803	49.180199	47.859970	46.628258	45.486729	44.436668	43.478958	42.614075	41.842110	41.162773	40.575436	40.079094	39.672398	39.353683	39.120926	38.971821	38.903732	38.913742	38.998665	39.155052	39.379173	39.667114	40.014732	40.417706	40.871567	41.371735	41.913525	42.492226	43.103088	43.741409	44.402550	45.081959	45.775234	46.478111	47.186508	47.896530	48.604454	49.306732	
72.733055	70.489113	68.275925	66.100967	63.971428	61.894135	59.875462	57.921364	56.037300	54.228226	52.498608	50.852371	49.292969	47.823318	46.445900	45.162712	43.975296	42.884754	41.891830	40.996841	40.199734	39.500099	38.897194	38.389961	37.976997	37.656616	37.426819	37.285332	37.229614	37.256851	37.364002	37.547745	37.804569	38.130714	38.522255	38.975052	39.484829	40.047138	40.657444	41.311092	42.003330	42.729393	43.484463	44.263725	45.062382	45.875671	46.698902	47.527443	48.356754	49.182392	
72.615402	70.254578	67.926208	65.638641	63.399872	61.217407	59.098221	57.048759	55.074833	53.181671	51.373901	49.655510	48.029949	46.500069	45.068230	43.736267	42.505554	41.377014	40.351196	39.428234	38.607925	37.889709	37.272743	36.755852	36.337601	36.016262	35.789867	35.656178	35.612740	35.656845	35.785568	35.995792	36.284142	36.647087	37.080894	37.581627	38.145187	38.767319	39.443596	40.169426	40.940102	41.750778	42.596489	43.472160	44.372612	45.292622	46.226898	47.170105	48.116890	49.061951	
72.498764	70.022110	67.579666	65.180733	62.834141	60.548111	58.330261	56.187489	54.125984	52.151215	50.267937	48.480179	46.791332	45.204144	43.720795	42.342941	41.071732	39.907867	38.851665	37.903061	37.061661	36.326729	35.697285	35.172062	34.749550	34.427994	34.205433	34.079674	34.048325	34.108814	34.258358	34.493988	34.812553	35.210709	35.684948	36.231552	36.846645	37.526146	38.265770	39.061043	39.907288	40.799618	41.732941	42.701946	43.701103	44.724731	45.766953	46.821739	47.882965	48.944458	
72.382072	69.789536	67.233124	64.723160	62.269341	59.880688	57.565445	55.331017	53.183929	51.129868	49.173656	47.319328	45.570156	43.928726	42.396984	40.976318	39.667625	38.471329	37.387470	36.415745	35.555523	34.805889	34.165695	33.633553	33.207870	32.886856	32.668541	32.550800	32.531303	32.607597	32.777061	33.036900	33.384182	33.815796	34.328468	34.918736	35.582954	36.317261	37.117569	37.979542	38.898575	39.869774	40.887962	41.947609	43.042877	44.167641	45.315430	46.479553	47.653084	48.828945	
72.264053	69.554405	66.883026	64.261322	61.699993	59.208916	56.796993	54.472130	52.241165	50.109959	48.083359	46.165302	44.358894	42.666443	41.089622	39.629482	38.286579	37.061001	35.952454	34.960346	34.083786	33.321636	32.672554	32.135010	31.707317	31.387642	31.174004	31.064323	31.056362	31.147787	31.336143	31.618847	31.993195	32.456329	33.005260	33.636810	34.347603	35.134060	35.992321	36.918251	37.907360	38.954826	40.055397	41.203396	42.392708	43.616745	44.868504	46.140556	47.425186	48.714382	
72.143280	69.313927	66.525284	63.790016	61.119942	58.525848	56.017342	53.602810	51.289398	49.083054	46.988602	45.009758	43.149368	41.409382	39.791077	38.295082	36.921535	35.670105	34.540131	33.530643	32.640450	31.868158	31.212200	30.670900	30.242443	29.924942	29.716419	29.614817	29.618008	29.723789	29.929893	30.233955	30.633537	31.126085	31.708904	32.379166	33.133827	33.969627	34.883018	35.870125	36.926674	38.047939	39.228699	40.463161	41.744953	43.067093	44.421997	45.801533	47.197067	48.599632	
72.018135	69.064896	66.155235	63.303295	60.522144	57.823559	55.217911	52.714058	50.319382	48.039856	45.880119	43.843628	41.932766	40.149040	38.493198	36.965340	35.565071	34.291573	33.143723	32.120144	31.219288	30.439449	29.778824	29.235535	28.807655	28.493225	28.290253	28.196728	28.210619	28.329878	28.552441	28.876202	29.299000	29.818626	30.432760	31.138943	31.934547	32.816719	33.782295	34.827744	35.949089	37.141823	38.400814	39.720234	41.093506	42.513271	43.971359	45.458889	46.966282	48.483456	
71.886673	68.803528	65.767448	62.794258	59.898468	57.092999	54.388985	51.795738	49.320812	46.970062	44.747810	42.657055	40.699615	38.876358	37.187347	35.632042	34.209404	32.918026	31.756241	30.722202	29.813932	29.029388	28.366489	27.823151	27.397297	27.086887	26.889915	26.804426	26.828503	26.960255	27.197849	27.539455	27.983246	28.527390	29.169985	29.909046	30.742424	31.667747	32.682350	33.783169	34.966633	36.228558	37.564018	38.967255	40.431557	41.949203	43.511463	45.108612	46.730049	48.364449	
71.746628	68.525406	65.355484	62.254776	59.239456	56.323696	53.519440	50.836395	48.282135	45.862244	43.580551	41.439362	39.439720	37.581665	35.864418	34.286633	32.846497	31.541908	30.370564	29.330063	28.417961	27.631824	26.969265	26.427965	26.005692	25.700321	25.509827	25.432316	25.465977	25.609112	25.860132	26.217520	26.679832	27.245651	27.913570	28.682137	29.549778	30.514723	31.574917	32.727905	33.970665	35.299496	36.709816	38.196045	39.751442	41.368011	43.036427	44.746075	46.485180	48.240967	
71.595245	68.225128	64.911682	61.675255	58.534012	55.503494	52.596466	49.822945	47.190338	44.703724	42.366135	40.178947	38.142166	36.254757	34.514904	32.920265	31.468109	30.155525	28.979477	27.936943	27.024950	26.240633	25.581264	25.044277	24.627266	24.328018	24.144497	24.074852	24.117414	24.270691	24.533352	24.904230	25.382299	25.966633	26.656364	27.450663	28.348646	29.349264	30.451221	31.652830	32.951805	34.345100	35.828697	37.397362	39.044453	40.761776	42.539421	44.365837	46.227867	48.111061	
71.429138	67.896202	64.426743	61.044151	57.768902	54.618057	51.605202	48.740448	46.030773	43.480396	41.091217	38.863312	36.795338	34.884903	33.128922	31.523842	30.065874	28.751150	27.575811	26.536148	25.628601	24.849838	24.196772	23.666557	23.256622	22.964653	22.788601	22.726681	22.777367	22.939383	23.211693	23.593504	24.084253	24.683540	25.391136	26.206921	27.130795	28.162594	29.301945	30.548113	31.899782	33.354820	34.909988	36.560654	38.300484	40.121208	42.012398	43.961441	45.953606	47.972393	
71.244156	67.530548	63.889267	60.347427	56.928230	53.650440	50.528297	47.571732	44.786858	42.176567	39.741173	37.478992	35.386929	33.460922	31.696323	30.088167	28.631418	27.321129	26.152544	25.121168	24.222836	23.453712	22.810318	22.289539	21.888622	21.605156	21.437086	21.382698	21.440620	21.609798	21.889534	22.279423	22.779392	23.389647	24.110655	24.943089	25.887774	26.945560	28.117205	29.403164	30.803352	32.316864	33.941566	35.673759	37.507717	39.435295	41.445641	43.525005	45.656845	47.822117	
71.034966	67.118011	63.285019	59.567768	55.992691	52.580334	49.345337	46.296944	43.439804	40.774830	38.300091	36.011597	33.904049	31.971298	30.206833	28.604046	27.156502	25.858044	24.702919	23.685822	22.801920	22.046865	21.416798	20.908319	20.518486	20.244816	20.085245	20.038139	20.102285	20.276888	20.561562	20.956337	21.461670	22.078403	22.807766	23.651327	24.610947	25.688667	26.886570	28.206577	29.650177	31.218042	32.909618	34.722561	36.652176	38.690792	40.827324	43.046852	45.330666	47.656620	
70.794769	66.645584	62.595940	58.683517	54.938553	51.383270	48.032219	44.893181	41.968391	39.255905	36.750732	34.445908	32.333313	30.404320	28.650211	27.062508	25.633207	24.354843	23.220617	22.224358	21.360573	20.624393	20.011570	19.518444	19.141895	18.879372	18.728815	18.688677	18.757914	18.935986	19.222851	19.618984	20.125374	20.743546	21.475540	22.323902	23.291641	24.382160	25.599098	26.946136	28.426716	30.043587	31.798302	33.690491	35.717117	37.871521	40.142723	42.514706	44.966248	47.471291	
70.514534	66.096222	61.798729	57.667236	53.736301	50.029499	46.560341	43.333870	40.348640	37.598591	35.074646	32.765995	30.661093	28.748331	27.016476	25.454973	24.054111	22.805058	21.699913	20.731655	19.894133	19.181978	18.590580	18.116035	17.755083	17.505100	17.364061	17.330509	17.403576	17.582973	17.869007	18.262587	18.765259	19.379229	20.107391	20.953321	21.921289	23.016190	24.243458	25.608868	27.118227	28.776955	30.589405	32.558037	34.682320	36.957489	39.373291	41.912872	44.552128	47.260036	
70.182098	65.447174	60.862759	56.483566	52.348850	48.482628	44.895676	41.588371	38.553688	35.779842	33.252331	30.955544	28.873796	26.992041	25.296240	23.773584	22.412573	21.202995	20.135872	19.203354	18.398672	17.716015	17.150457	16.697884	16.354921	16.118921	15.987881	15.960461	16.035967	16.214352	16.496254	16.883007	17.376698	17.980211	18.697289	19.532566	20.491632	21.581009	22.808115	24.181141	25.708767	27.399708	29.262024	31.302086	33.523155	35.923660	38.495216	41.220726	44.073006	47.014706	
69.780533	64.667206	59.746887	55.086269	50.729145	46.697952	42.997841	39.621552	36.553825	33.775024	31.263687	28.998306	26.958370	25.124977	23.481068	22.011501	20.703003	19.544016	18.524548	17.636030	16.871155	16.223743	15.688624	15.261531	14.939030	14.718458	14.597881	14.576069	14.652497	14.827353	15.101570	15.476877	15.955861	16.542042	17.239967	18.055325	18.995014	20.067261	21.281626	22.648993	24.181374	25.891541	27.792294	29.895329	32.209496	34.738403	37.477463	40.410694	43.507965	46.723949	
69.285530	63.712341	58.394646	53.413963	48.816994	44.620476	40.819138	37.393589	34.316742	31.558495	29.088676	26.878792	24.902920	23.138023	21.563969	20.163334	18.921171	17.824734	16.863182	16.027359	15.309558	14.703342	14.203389	13.805363	13.505814	13.302125	13.192437	13.175644	13.251379	13.420033	13.682801	14.041742	14.499876	15.061274	15.731209	16.516315	17.424767	18.466438	19.653103	20.998526	22.518467	24.230459	26.153254	28.305616	30.704369	33.361298	36.278881	39.444969	42.827576	46.371532	
68.660843	62.518486	56.726715	51.384007	46.535023	42.182907	38.304024	34.860382	31.808460	29.104671	26.708378	24.583225	22.697533	21.024124	19.539942	18.225531	17.064556	16.043335	15.150425	14.376289	13.713009	13.154039	12.694027	12.328662	12.054556	11.869175	11.770765	11.758346	11.831694	11.991367	12.238766	12.576200	13.007006	13.535690	14.168102	14.911662	15.775631	16.771402	17.912853	19.216650	20.702528	22.393406	24.315134	26.495567	28.962612	31.740553	34.844193	38.270538	41.989010	45.933220	
67.849785	60.988941	54.629013	48.883915	43.783928	39.303905	35.389378	31.974924	28.995066	26.389772	24.106569	22.100851	20.335318	18.779057	17.406576	16.196880	15.132696	14.199808	13.386509	12.683171	12.081884	11.576189	11.160844	10.831677	10.585443	10.419738	10.332952	10.324223	10.393453	10.541319	10.769354	11.080013	11.476821	11.964533	12.549365	13.239275	14.044319	14.977089	16.053244	17.292099	18.717295	20.357376	22.246220	24.422787	26.929726	29.809723	33.098217	36.811195	40.927715	45.371193	
66.758583	58.971733	51.933712	45.759796	40.437706	35.887886	32.006645	28.690214	25.845692	23.394432	21.271812	19.425549	17.813623	16.402351	15.164711	14.078945	13.127502	12.296170	11.573415	10.949859	10.417881	9.971313	9.605200	9.315626	9.099575	8.954840	8.879969	8.874231	8.937620	9.070885	9.275593	9.554230	9.910337	10.348709	10.875646	11.499294	12.230085	13.081291	14.069770	15.216846	16.549458	18.101427	19.914864	22.041281	24.541731	27.484571	30.938190	34.954918	39.542290	44.622883	
65.220871	56.217335	48.389435	41.802395	36.341080	31.828419	28.087337	24.964823	22.337139	20.107256	18.200081	16.557690	15.135310	13.898149	12.819006	11.876456	11.053513	10.336634	9.714964	9.179775	8.724039	8.342115	8.029509	7.782688	7.598962	7.476375	7.413662	7.410224	7.466118	7.582098	7.759679	8.001230	8.310131	8.690960	9.149773	9.694479	10.335318	11.085543	11.962296	12.987818	14.191050	15.609741	17.293125	19.305096	21.727413	24.661388	28.224443	32.534008	37.666302	43.577347	
62.914410	52.297264	43.617321	36.735271	31.314684	27.019091	23.573879	20.771637	18.460316	16.529272	14.897709	13.506081	12.310003	11.275979	10.378429	9.597593	8.918053	8.327675	7.816845	7.377899	7.004725	6.692446	6.437200	6.235970	6.086474	5.987070	5.936709	5.934916	5.981783	6.078010	6.224957	6.424741	6.680373	6.995955	7.376937	7.830499	8.366044	8.995907	9.736335	10.608892	11.642430	12.875942	14.362616	16.175583	18.415607	21.220402	24.772511	29.295765	35.014004	42.019722	
59.145176	46.448273	37.058197	30.220123	25.179197	21.377661	18.438040	16.110348	14.228153	12.678769	11.384274	10.289592	9.354992	8.551245	7.856478	7.254071	6.731230	6.277994	5.886544	5.550696	5.265548	5.027212	4.832624	4.679405	4.565761	4.490410	4.452545	4.451810	4.488306	4.562618	4.675861	4.829764	5.026783	5.270277	5.564733	5.916098	6.332237	6.823597	7.404149	8.092794	8.915464	9.908340	11.122854	12.633654	14.551237	17.041834	20.356686	24.867279	31.076498	39.487255	
52.222450	37.299065	27.955811	21.918633	17.817181	14.889147	12.707001	11.022124	9.683500	8.595363	7.694575	6.938065	6.295562	5.745252	5.271070	4.860963	4.505745	4.198325	3.933174	3.705945	3.513206	3.352251	3.220952	3.117662	3.041146	2.990525	2.965248	2.965081	2.990108	3.040747	3.117791	3.222463	3.356504	3.522298	3.723041	3.962996	4.247840	4.585183	4.985324	5.462413	6.036253	6.735199	7.601000	8.697174	10.124093	12.047213	14.751285	18.744267	24.939495	34.852795	
37.448776	22.574640	15.553920	11.689629	9.291543	7.666092	6.491522	5.601922	4.904007	4.341566	3.878808	3.491903	3.164403	2.884613	2.644007	2.436238	2.256502	2.101108	1.967190	1.852506	1.755288	1.674146	1.607990	1.555980	1.517484	1.492056	1.479416	1.479448	1.492200	1.517889	1.556927	1.609948	1.677855	1.761885	1.863703	1.985533	2.130356	2.302186	2.506503	2.750906	3.046170	3.407999	3.860084	4.439731	5.208979	6.278287	7.862024	10.422440	15.086242	24.984644	
