87.443649	92.328712	94.596634	95.813171	96.541931	97.014221	97.337448	97.567062	97.734245	97.857849	97.949905	98.018456	98.069008	98.105537	98.130928	98.147278	98.156204	98.158936	98.156326	98.149094	98.137726	98.122551	98.103790	98.081535	98.055740	98.026291	97.992935	97.955338	97.912994	97.865273	97.811363	97.750252	97.680687	97.601028	97.509239	97.402740	97.278191	97.131210	96.955933	96.744385	96.485413	96.162956	95.752914	95.217621	94.494629	93.473122	91.938309	89.427597	84.813904	74.965607	
82.445877	87.274643	90.244614	92.114120	93.340263	94.177460	94.768478	95.196472	95.511986	95.747177	95.923248	96.054771	96.151924	96.222099	96.270714	96.301819	96.318466	96.322983	96.317101	96.302139	96.279068	96.248512	96.210892	96.166397	96.114929	96.056274	95.989937	95.915215	95.831139	95.736526	95.629738	95.508804	95.371262	95.213959	95.033005	94.823357	94.578644	94.290543	93.947968	93.536041	93.034218	92.413353	91.630989	90.622818	89.287689	87.459427	84.852493	80.958153	74.862335	65.048485	
80.065353	84.079453	86.993156	89.058556	90.527718	91.587036	92.362724	92.938522	93.370239	93.695786	93.941376	94.125648	94.262024	94.360428	94.428238	94.471039	94.493080	94.497635	94.487152	94.463524	94.428062	94.381737	94.325111	94.258408	94.181526	94.094116	93.995483	93.884598	93.760056	93.620087	93.462402	93.284119	93.081726	92.850708	92.585541	92.279175	91.922638	91.504425	91.009430	90.417656	89.702049	88.825317	87.734879	86.354980	84.573929	82.224411	79.054008	74.690125	68.628784	60.365925	
78.736252	81.984879	84.590263	86.599518	88.125366	89.280586	90.157272	90.825058	91.335114	91.724785	92.021301	92.244919	92.410667	92.529915	92.611343	92.661583	92.685791	92.687920	92.670998	92.637329	92.588577	92.525909	92.450020	92.361160	92.259270	92.143791	92.013878	91.868179	91.704948	91.521912	91.316147	91.084068	90.821213	90.522049	90.179680	89.785500	89.328644	88.795403	88.167984	87.423370	86.531281	85.451187	84.128433	82.488373	80.428741	77.810318	74.449051	70.119614	64.596703	57.786354	
77.895027	80.533844	82.783905	84.624283	86.094147	87.253250	88.161316	88.870018	89.421158	89.847641	90.174995	90.422928	90.606697	90.738144	90.826553	90.879135	90.901566	90.898254	90.872604	90.827240	90.764038	90.684319	90.588898	90.478035	90.351585	90.208923	90.048996	89.870262	89.670601	89.447327	89.197075	88.915634	88.597862	88.237373	87.826355	87.355156	86.811737	86.181076	85.444199	84.577057	83.548882	82.320084	80.839577	79.041611	76.842560	74.139221	70.812340	66.742615	61.852020	56.182701	
77.310371	79.471977	81.387726	83.020180	84.374374	85.477715	86.365593	87.073410	87.632828	88.070740	88.409233	88.666245	88.856232	88.990715	89.078911	89.128204	89.144455	89.132309	89.095367	89.036407	88.957458	88.859932	88.744652	88.611923	88.461517	88.292747	88.104355	87.894608	87.661179	87.401016	87.110413	86.784714	86.418304	86.004288	85.534256	84.998001	84.382973	83.673782	82.851425	81.892448	80.767723	79.441231	77.868668	75.996330	73.760925	71.091866	67.918602	64.186569	59.886070	55.092354	
76.874847	78.656448	80.275482	81.695099	82.906326	83.918594	84.751015	85.426361	85.967270	86.394547	86.726364	86.978165	87.162880	87.291183	87.371841	87.412041	87.417549	87.392967	87.341995	87.267410	87.171326	87.055138	86.919701	86.765305	86.591660	86.397942	86.182831	85.944412	85.680145	85.386810	85.060410	84.696053	84.287811	83.828568	83.309700	82.720825	82.049515	81.280701	80.396286	79.374474	78.189117	76.809128	75.198143	73.314598	71.113312	68.549057	65.583817	62.199097	58.413315	54.300560	
76.533020	78.004128	79.363396	80.579323	81.638298	82.540451	83.294830	83.915146	84.416901	84.815483	85.125244	85.358986	85.527840	85.641304	85.707352	85.732712	85.722855	85.682251	85.614441	85.522171	85.407532	85.271881	85.116028	84.940186	84.744072	84.526749	84.286789	84.022186	83.730270	83.407677	83.050308	82.653122	82.210136	81.714172	81.156723	80.527634	79.814957	79.004532	78.079750	77.021126	75.806114	74.408920	72.800888	70.951233	68.829193	66.407593	63.668755	60.612831	57.267544	53.696465	
76.253632	77.464310	78.595528	79.621544	80.528275	81.311478	81.974228	82.524178	82.971481	83.327164	83.602196	83.806870	83.950432	84.041100	84.085968	84.091064	84.061455	84.001297	83.913940	83.802010	83.667419	83.511520	83.335014	83.138077	82.920319	82.680786	82.417961	82.129776	81.813507	81.465729	81.082306	80.658226	80.187569	79.663315	79.077293	78.419846	77.679825	76.844315	75.898491	74.825500	73.606445	72.220612	70.646118	68.861000	66.845222	64.583817	62.071110	59.316078	56.347572	53.217617	
76.017799	77.004814	77.933823	78.784264	79.543137	80.204529	80.768158	81.237770	81.619728	81.921707	82.151894	82.318298	82.428505	82.489426	82.507141	82.487000	82.433525	82.350525	82.241051	82.107521	81.951721	81.774841	81.577530	81.359856	81.121368	80.861099	80.577469	80.268372	79.931068	79.562172	79.157600	78.712463	78.221039	77.676613	77.071472	76.396698	75.642120	74.796204	73.846069	72.777435	71.574875	70.222153	68.703003	67.002266	65.107582	63.011845	60.716148	58.232994	55.589088	52.826332	
75.813408	76.604225	77.351837	78.039879	78.657074	79.197113	79.658020	80.041168	80.350266	80.590561	80.767975	80.888695	80.958786	80.983932	80.969299	80.919479	80.838455	80.729584	80.595634	80.438751	80.260544	80.062065	79.843849	79.605888	79.347672	79.068153	78.765778	78.438431	78.083405	77.697388	77.276443	76.815880	76.310242	75.753273	75.137787	74.455719	73.697945	72.854385	71.914009	70.864998	69.694962	68.391464	66.942673	65.338470	63.571804	61.640457	59.549049	57.310917	54.949509	52.498478	
75.632324	76.247803	76.830658	77.367859	77.849892	78.270798	78.627808	78.920952	79.152206	79.325012	79.443665	79.512817	79.537231	79.521561	79.470085	79.386719	79.274857	79.137459	78.976929	78.795135	78.593491	78.372917	78.133789	77.876022	77.599060	77.301834	76.982773	76.639793	76.270279	75.871017	75.438263	74.967575	74.453880	73.891357	73.273506	72.593063	71.842010	71.011635	70.092697	69.075478	67.950241	66.707558	65.339050	63.838242	62.201607	60.429832	58.529144	56.512375	54.399605	52.217926	
75.468887	75.925110	76.356461	76.752632	77.105743	77.410454	77.663857	77.865204	78.015419	78.116684	78.172043	78.185020	78.159325	78.098663	78.006592	77.886345	77.740829	77.572540	77.383591	77.175568	76.949638	76.706543	76.446579	76.169579	75.874893	75.561478	75.227753	74.871689	74.490768	74.081955	73.641678	73.165810	72.649689	72.087982	71.474869	70.803879	70.068054	69.259995	68.371948	67.396095	66.324814	65.151108	63.869171	62.475056	60.967514	59.348877	57.625847	55.810127	53.918709	51.973446	
75.318993	75.628448	75.918907	76.182251	76.412056	76.603729	76.754532	76.863388	76.930611	76.957520	76.946289	76.899551	76.820206	76.711189	76.575378	76.415489	76.233932	76.032791	75.813835	75.578430	75.327507	75.061676	74.781044	74.485397	74.174049	73.845917	73.499474	73.132759	72.743370	72.328445	71.884659	71.408173	70.894737	70.339554	69.737411	69.082657	68.369278	67.591026	66.741486	65.814400	64.803856	63.704704	62.513016	61.226597	59.845600	58.373138	56.815781	55.183903	53.491745	51.756989	
75.179573	75.352005	75.510033	75.647308	75.758682	75.840355	75.889938	75.906281	75.889359	75.839996	75.759758	75.650635	75.514847	75.354767	75.172699	74.970871	74.751251	74.515633	74.265396	74.001678	73.725227	73.436493	73.135460	72.821823	72.494865	72.153496	71.796234	71.421181	71.026077	70.608238	70.164581	69.691635	69.185486	68.641861	68.056145	67.423416	66.738541	65.996246	65.191284	64.318604	63.373688	62.352787	61.253273	60.074127	58.816307	57.483177	56.080849	54.618324	53.107449	51.562588	
75.048256	75.091309	75.123596	75.140259	75.137314	75.111732	75.061523	74.985657	74.883987	74.757118	74.606117	74.432556	74.238190	74.024887	73.794525	73.548904	73.289627	73.018150	72.735611	72.442894	72.140549	71.828896	71.507774	71.176849	70.835327	70.482132	70.115837	69.734619	69.336357	68.918564	68.478394	68.012672	67.517899	66.990273	66.425705	65.819962	65.168625	64.467285	63.711639	62.897671	62.021893	61.081551	60.074982	59.001862	57.863556	56.663376	55.406792	54.101463	52.757225	51.385727	
74.923180	74.842728	74.754524	74.654976	74.541077	74.410538	74.261871	74.094246	73.907562	73.702278	73.479279	73.239746	72.985138	72.716911	72.436630	72.145737	71.845520	71.537140	71.221512	70.899277	70.570824	70.236313	69.895523	69.548004	69.192963	68.829330	68.455711	68.070374	67.671326	67.256279	66.822609	66.367447	65.887672	65.379883	64.840515	64.265900	63.652279	62.995949	62.293365	61.541328	60.737133	59.878750	58.965149	57.996399	56.973999	55.901009	54.782181	53.623955	52.434395	51.222931	
74.802841	74.603363	74.398682	74.186279	73.964050	73.730446	73.484421	73.225464	72.953644	72.669365	72.373383	72.066719	71.750549	71.426109	71.094635	70.757294	70.415146	70.069061	69.719742	69.367668	69.013062	68.655899	68.295914	67.932571	67.565048	67.192291	66.812943	66.425385	66.027740	65.617889	65.193436	64.751793	64.290169	63.805553	63.294861	62.754875	62.182404	61.574341	60.927773	60.240097	59.509178	58.733528	57.912460	57.046284	56.136421	55.185562	54.197716	53.178207	52.133575	51.071404	
74.685959	74.370728	74.052505	73.729736	73.401138	73.065826	72.723297	72.373360	72.016266	71.652496	71.282806	70.908089	70.529381	70.147697	69.764046	69.379395	68.994537	68.610176	68.226814	67.844727	67.463997	67.084496	66.705856	66.327477	65.948494	65.567886	65.184341	64.796310	64.402061	63.999611	63.586807	63.161301	62.720596	62.262062	61.782959	61.280548	60.752079	60.194927	59.606663	58.985161	58.328709	57.636154	56.907028	56.141663	55.341309	54.508232	53.645706	52.758038	51.850437	50.928905	
74.571419	74.142662	73.712891	73.281433	72.847778	72.411682	71.973114	71.532333	71.089798	70.646126	70.202087	69.758591	69.316513	68.876785	68.440216	68.007599	67.579529	67.156525	66.738907	66.326782	65.920120	65.518661	65.121964	64.729355	64.339951	63.952724	63.566406	63.179535	62.790497	62.397453	61.998466	61.591400	61.174034	60.744045	60.299061	59.836681	59.354553	58.850456	58.322327	57.768394	57.187237	56.577908	55.940041	55.273895	54.580463	53.861534	53.119690	52.358288	51.581383	50.793602	
74.458237	73.917236	73.377045	72.837822	72.299782	71.763298	71.228867	70.697128	70.168839	69.644798	69.125854	68.612930	68.106850	67.608459	67.118439	66.637383	66.165756	65.703918	65.251999	64.810005	64.377724	63.954796	63.540668	63.134659	62.735847	62.343185	61.955444	61.571243	61.189072	60.807236	60.423977	60.037380	59.645447	59.246155	58.837399	58.417122	57.983292	57.533981	57.067451	56.582169	56.076927	55.550877	55.003639	54.435345	53.846687	53.238972	52.614098	51.974548	51.323341	50.663914	
74.345520	73.692696	73.042412	72.395607	71.753220	71.116257	70.485718	69.862686	69.248161	68.643219	68.048798	67.465874	66.895264	66.337708	65.793823	65.264053	64.748734	64.248032	63.761940	63.290306	62.832817	62.388992	61.958183	61.539627	61.132408	60.735455	60.347557	59.967438	59.593639	59.224640	58.858810	58.494438	58.129761	57.762985	57.392281	57.015846	56.631920	56.238838	55.835106	55.419357	54.990509	54.547768	54.090683	53.619179	53.133629	52.634838	52.124069	51.602997	51.073681	50.538483	
74.232414	73.467346	72.706512	71.951630	71.204346	70.466293	69.739006	69.023987	68.322578	67.636070	66.965576	66.312088	65.676483	65.059418	64.461418	63.882812	63.323784	62.784340	62.264347	61.763489	61.281326	60.817242	60.370529	59.940338	59.525711	59.125568	58.738747	58.363987	57.999947	57.645226	57.298336	56.957733	56.621872	56.289169	55.958038	55.626904	55.294239	54.958595	54.618649	54.273186	53.921181	53.561836	53.194584	52.819145	52.435505	52.044014	51.645283	51.240238	50.830055	50.416134	
74.118057	73.239517	72.366913	71.502747	70.649406	69.809151	68.984055	68.176048	67.386856	66.617996	65.870750	65.146187	64.445160	63.768322	63.116085	62.488647	61.886074	61.308201	60.754711	60.225166	59.718967	59.235382	58.773605	58.332710	57.911682	57.509453	57.124847	56.756660	56.403641	56.064484	55.737846	55.422367	55.116657	54.819355	54.529076	54.244457	53.964191	53.686996	53.411690	53.137177	52.862465	52.586704	52.309193	52.029396	51.746979	51.461758	51.173767	50.883186	50.590370	50.295788	
74.001625	73.007538	72.021172	71.045815	70.084610	69.140472	68.216087	67.313797	66.435669	65.583511	64.758759	63.962582	63.195797	62.459015	61.752537	61.076450	60.430634	59.814766	59.228371	58.670807	58.141342	57.639118	57.163197	56.712574	56.286182	55.882919	55.501633	55.141151	54.800293	54.477852	54.172623	53.883400	53.608986	53.348186	53.099823	52.862724	52.635796	52.417904	52.208004	52.005070	51.808128	51.616272	51.428642	51.244465	51.063026	50.883659	50.705803	50.528946	50.352627	50.176434	
73.882202	72.769661	71.666718	70.577515	69.505997	68.455788	67.430130	66.431885	65.463463	64.526909	63.623844	62.755470	61.922646	61.125851	60.365295	59.640884	58.952324	58.299088	57.680511	57.095776	56.543949	56.024044	55.534988	55.075676	54.644974	54.241741	53.864830	53.513111	53.185440	52.880737	52.597916	52.335930	52.093735	51.870331	51.664749	51.476021	51.303185	51.145317	51.001476	50.870720	50.752090	50.644600	50.547245	50.459007	50.378777	50.305450	50.237843	50.174755	50.114944	50.057117	
73.758873	72.524040	71.300842	70.094360	68.909393	67.750305	66.620941	65.524704	64.464340	63.442154	62.459900	61.518826	60.619728	59.763000	58.948662	58.176445	57.445827	56.756058	56.106239	55.495331	54.922211	54.385712	53.884628	53.417725	52.983795	52.581657	52.210144	51.868156	51.554626	51.268555	51.008984	50.775009	50.565777	50.380478	50.218353	50.078602	49.960491	49.863251	49.786049	49.728050	49.688320	49.665813	49.659382	49.667755	49.689465	49.722923	49.766373	49.817894	49.875450	49.936890	
73.630608	72.268646	70.920578	69.592552	68.290237	67.018837	65.782883	64.586227	63.432045	62.322853	61.260506	60.246250	59.280777	58.364334	57.496738	56.677448	55.905685	55.180431	54.500519	53.864643	53.271481	52.719639	52.207733	51.734428	51.298401	50.898422	50.533310	50.201965	49.903408	49.636726	49.401085	49.195747	49.020046	48.873360	48.755135	48.664818	48.601871	48.565689	48.555626	48.570950	48.610771	48.674019	48.759407	48.865410	48.990253	49.131851	49.287842	49.455608	49.632278	49.814812	
73.496254	72.001236	70.522659	69.067848	67.643517	66.255722	64.909714	63.609894	62.359787	61.162098	60.018742	58.930908	57.899139	56.923435	56.003326	55.137970	54.326263	53.566849	52.858231	52.198845	51.587063	51.021282	50.499924	50.021484	49.584557	49.187817	48.830070	48.510246	48.227409	47.980743	47.769569	47.593300	47.451462	47.343674	47.269604	47.228951	47.221397	47.246582	47.304062	47.393227	47.513279	47.663155	47.841476	48.046513	48.276142	48.527817	48.798569	49.085030	49.383469	49.689865	
73.354492	71.719215	70.103340	68.515488	66.963554	65.454590	63.994587	62.588478	61.240128	59.952408	58.727196	57.565552	56.467777	55.433537	54.461990	53.551918	52.701775	51.909836	51.174217	50.493011	49.864288	49.286171	48.756866	48.274696	47.838104	47.445721	47.096298	46.788792	46.522308	46.296169	46.109814	45.962845	45.855011	45.786171	45.756264	45.765259	45.813133	45.899796	46.025047	46.188480	46.389435	46.626915	46.899509	47.205299	47.541847	47.906158	48.294624	48.703094	49.126904	49.560989	
73.203819	71.419632	69.658310	67.930000	66.243942	64.608253	63.029739	61.513878	60.064835	58.685547	57.377789	56.142357	54.979195	53.887505	52.865997	51.912949	51.026287	50.203827	49.443260	48.742249	48.098526	47.509899	46.974327	46.489933	46.055023	45.668129	45.327965	45.033516	44.783943	44.578674	44.417313	44.299664	44.225723	44.195618	44.209587	44.267941	44.370998	44.518990	44.712055	44.950043	45.232529	45.558640	45.927006	46.335579	46.781666	47.261784	47.771702	48.306423	48.860268	49.427002	
73.042480	71.099030	69.182564	67.305061	65.477257	63.708481	62.006390	60.377010	58.824738	57.352455	55.961700	54.652863	53.425365	52.277836	51.208328	50.214520	49.293747	48.443226	47.660141	46.941696	46.285210	45.688148	45.148193	44.663235	44.231434	43.851204	43.521233	43.240509	43.008289	42.824089	42.687698	42.599152	42.558701	42.566818	42.624077	42.731167	42.888817	43.097691	43.358307	43.670929	44.035423	44.451187	44.916931	45.430611	45.989281	46.589050	47.225002	47.891239	48.580956	49.286568	
72.868309	70.753250	68.670166	66.633163	64.654785	62.745682	60.914436	59.167549	57.509521	55.943073	54.469284	53.087940	51.797752	50.596565	49.481667	48.449928	47.497986	46.622391	45.819702	45.086594	44.419937	43.816803	43.274548	42.790855	42.363686	41.991341	41.672485	41.406101	41.191528	41.028419	40.916756	40.856819	40.849171	40.894627	40.994186	41.148994	41.360252	41.629143	41.956711	42.343708	42.790474	43.296764	43.861557	44.482872	45.157639	45.881561	46.649048	47.453201	48.285927	49.138138	
72.678749	70.377289	68.113922	65.905350	63.766205	61.708633	59.742138	57.873638	56.107563	54.446182	52.889931	51.437691	50.087200	48.835346	47.678406	46.612312	45.632835	44.735725	43.916870	43.172340	42.498474	41.891933	41.349739	40.869293	40.448383	40.085213	39.778358	39.526863	39.330116	39.187935	39.100502	39.068390	39.092487	39.174019	39.314453	39.515450	39.778816	40.106354	40.499748	40.960426	41.489349	42.086823	42.752235	43.483871	44.278641	45.131927	46.037430	46.987194	47.971649	48.979889	
72.470612	69.964973	67.505074	65.110779	62.799164	60.584030	58.475807	56.481628	54.605598	52.849228	51.211914	49.691345	48.283974	46.985413	45.790718	44.694695	43.692093	42.777756	41.946770	41.194550	40.516876	39.909939	39.370407	38.895393	38.482506	38.129807	37.835861	37.599697	37.420815	37.299187	37.235237	37.229813	37.284203	37.400070	37.579422	37.824532	38.137878	38.522038	38.979507	39.512547	40.122963	40.811836	41.579224	42.423889	43.342903	44.331444	45.382553	46.487095	47.633804	48.809586	
72.239883	69.508591	66.832748	64.236115	61.738647	59.355957	57.099281	54.975685	52.988541	51.138142	49.422386	47.837326	46.377754	45.037663	43.810627	42.690128	41.669701	40.743187	39.904789	39.149181	38.471542	37.867584	37.333591	36.866394	36.463398	36.122551	35.842365	35.621902	35.460773	35.359112	35.317574	35.337349	35.420135	35.568077	35.783791	36.070229	36.430698	36.868660	37.387604	37.990860	38.681332	39.461182	40.331444	41.291664	42.339367	43.469727	44.675220	45.945423	47.267090	48.624489	
71.981461	68.998367	66.083282	63.264797	60.566261	58.005199	55.593399	53.337372	51.239159	49.297203	47.507259	45.863190	44.357674	42.982708	41.730106	40.591740	39.559830	38.627060	37.786690	37.032593	36.359329	35.762108	35.236816	34.780014	34.388901	34.061317	33.795738	33.591263	33.447590	33.365044	33.344547	33.387634	33.496414	33.673592	33.922413	34.246635	34.650459	35.138412	35.715179	36.385414	37.153439	38.022869	38.996140	40.073997	41.254852	42.534203	43.904114	45.352852	46.864853	48.421124	
71.688759	68.421707	65.239212	62.175949	59.259216	56.508396	53.935326	51.545200	49.337807	47.308849	45.451141	43.755684	42.212460	40.811066	39.541203	38.392952	37.357033	36.424881	35.588745	34.841698	34.177635	33.591286	33.078148	32.634514	32.257393	31.944534	31.694372	31.506050	31.379381	31.314869	31.313711	31.377773	31.509624	31.712540	31.990459	32.348000	32.790375	33.323318	33.952953	34.685516	35.527153	36.483376	37.558582	38.755318	40.073463	41.509392	43.055099	44.697571	46.418571	48.195023	
71.352905	67.761925	64.277802	60.942867	57.788933	54.836910	52.097755	49.574074	47.262131	45.153641	43.237488	41.500919	39.930626	38.513321	37.236294	36.087631	35.056400	34.132751	33.307884	32.574051	31.924534	31.353573	30.856323	30.428816	30.067905	29.771252	29.537281	29.365177	29.254875	29.207054	29.223171	29.305447	29.456900	29.681374	29.983540	30.368917	30.843828	31.415379	32.091301	32.879784	33.789177	34.827484	36.001732	37.317108	38.775856	40.376041	42.110199	43.964294	45.917061	47.940243	
70.961960	66.996689	63.169025	59.530998	56.119320	52.955513	50.047977	47.394829	44.986897	42.810326	40.848709	39.084637	37.500763	36.080494	34.808392	33.670395	32.653877	31.747646	30.941879	30.228069	29.598904	29.048195	28.570799	28.162537	27.820141	27.541203	27.324152	27.168228	27.073479	27.040756	27.071754	27.169033	27.336040	27.577175	27.897846	28.304482	28.804577	29.406704	30.120438	30.956215	31.925051	33.038101	34.305901	35.737358	37.338337	39.109875	41.046223	43.132881	45.345318	47.648781	
70.499191	66.095177	61.872318	57.894867	54.204247	50.820595	47.746895	44.973778	42.483997	40.256023	38.266621	36.492634	34.911995	33.504391	32.251469	31.136929	30.146442	29.267553	28.489504	27.803085	27.200504	26.675224	26.221867	25.836098	25.514576	25.254871	25.055420	24.915527	24.835342	24.815886	24.859058	24.967712	25.145679	25.397882	25.730394	26.150547	26.667015	27.289894	28.030733	28.902489	29.919342	31.096294	32.448444	33.989826	35.731678	37.680031	39.832726	42.176193	44.682747	47.309437	
69.940468	65.013763	60.331795	55.973862	51.984482	48.378342	45.148140	42.272575	39.722775	37.466885	35.473110	33.711464	32.154602	30.778198	29.560936	28.484322	27.532461	26.691778	25.950733	25.299578	24.730156	24.235710	23.810719	23.450779	23.152529	22.913548	22.732313	22.608204	22.541462	22.533236	22.585594	22.701611	22.885445	23.142445	23.479261	23.904032	24.426537	25.058378	25.813116	26.706417	27.756012	28.981487	30.403664	32.043453	33.919868	36.046894	38.429214	41.056919	43.900200	46.906132	
69.249756	63.688747	58.468700	53.686089	49.383602	45.562546	42.197445	39.248604	36.670860	34.419090	32.451180	30.729424	29.220865	27.897163	26.734192	25.711536	24.812008	24.021164	23.326942	22.719276	22.189821	21.731747	21.339523	21.008774	20.736176	20.519379	20.356926	20.248266	20.193718	20.194515	20.252846	20.371925	20.556118	20.811062	21.143852	21.563265	22.080000	22.706991	23.459740	24.356613	25.419128	26.672035	28.143057	29.861990	31.858702	34.159454	36.781059	39.722504	42.955215	46.414795	
68.370552	62.023827	56.169540	50.919827	46.303246	42.292984	38.832977	35.856270	33.295963	31.090630	29.186508	27.537788	26.106049	24.859337	23.771217	22.819847	21.987190	21.258366	20.621107	20.065306	19.582699	19.166550	18.811468	18.513216	18.268604	18.075386	17.932209	17.838591	17.794907	17.802437	17.863388	17.981031	18.159790	18.405420	18.725239	19.128391	19.626215	20.232662	20.964828	21.843536	22.893990	24.146366	25.636200	27.404163	29.494648	31.952089	34.813713	38.097244	41.783539	45.797756	
67.209297	59.867416	53.267052	47.521942	42.618313	38.475182	34.987450	32.050041	29.568783	27.463867	25.669529	24.132442	22.809635	21.666508	20.675220	19.813278	19.062475	18.408020	17.837889	17.342293	16.913296	16.544491	16.230789	15.968219	15.753806	15.585473	15.461998	15.382970	15.348793	15.360726	15.420932	15.532582	15.700007	15.928860	16.226389	16.601778	17.066555	17.635181	18.325741	19.160877	20.168877	21.384975	22.852724	24.625116	26.764709	29.341385	32.425076	36.069618	40.284115	44.992638	
65.599762	56.970329	49.510410	43.283913	38.174458	34.003773	30.593611	27.789848	25.467690	23.529104	21.898071	20.515762	19.336605	18.325048	17.453197	16.699005	16.044937	15.476961	14.983805	14.556396	14.187439	13.871096	13.602751	13.378826	13.196658	13.054403	12.950990	12.886078	12.860072	12.874151	12.930330	13.031557	13.181862	13.386549	13.652477	13.988413	14.405527	14.918062	15.544209	16.307301	17.237421	18.373501	19.765987	21.480032	23.598656	26.224445	29.476128	33.472412	38.290813	43.888638	
63.219940	52.904465	44.521278	37.930012	32.793205	28.773422	25.595123	23.049997	20.985130	19.289082	17.880291	16.698505	15.698675	14.846699	14.116438	13.487629	12.944407	12.474247	12.067194	11.715311	11.412264	11.153017	10.933607	10.750982	10.602881	10.487747	10.404686	10.353427	10.334347	10.348482	10.397594	10.484266	10.612038	10.785585	11.011011	11.296188	11.651262	12.089371	12.627605	13.288408	14.101559	15.106996	16.358900	17.931400	19.926292	22.482315	25.783062	30.053402	35.518227	42.271049	
59.375954	46.906925	37.741020	31.122606	26.296078	22.702919	19.964958	17.831532	16.135559	14.763742	13.637585	12.701483	11.915197	11.249043	10.680727	10.193245	9.773467	9.411134	9.098172	8.828188	8.596112	8.397936	8.230520	8.091454	7.978954	7.891811	7.829325	7.791303	7.778053	7.790412	7.829802	7.898297	7.998755	8.134972	8.311915	8.536062	8.815843	9.162300	9.590050	10.118655	10.774748	11.595224	12.632265	13.961276	15.693533	17.996044	21.120842	25.440199	31.457796	39.677319	
52.377281	37.606773	28.413918	22.524128	18.566525	15.778315	13.731486	12.176970	10.963314	9.994341	9.206530	8.556447	8.013492	7.555538	7.166240	6.833287	6.547267	6.300892	6.088455	5.905473	5.748399	5.614447	5.501435	5.407699	5.332009	5.273531	5.231788	5.206652	5.198344	5.207457	5.234981	5.282377	5.351649	5.445474	5.567376	5.721969	5.915308	6.155403	6.452986	6.822655	7.284675	7.867887	8.614543	9.588668	10.891155	12.687984	15.264439	19.129005	25.195553	34.980438	
37.526615	22.729351	15.784254	11.994071	9.668319	8.113175	7.006649	6.182602	5.547530	5.045017	4.639075	4.305696	4.028264	3.794929	3.597020	3.428064	3.283141	3.158462	3.051074	2.958660	2.879401	2.811861	2.754927	2.707746	2.669691	2.640336	2.619440	2.606941	2.602952	2.607778	2.621934	2.646167	2.681517	2.729367	2.791544	2.870450	2.969256	3.092181	3.244915	3.435285	3.674302	3.977913	4.370058	4.888303	5.594946	6.600713	8.120237	10.616041	15.215092	25.048874	
